3.200000000000009087e-02
3.199990281720943575e-02
3.199922986232329319e-02
3.199742532646963206e-02
3.199395477775038993e-02
3.198830466454997967e-02
3.197998177285067689e-02
3.196851265232956291e-02
3.195344302470302239e-02
3.193433718653640452e-02
3.191077741753282904e-02
3.188236340414233455e-02
3.184871168718320100e-02
3.180945514103603045e-02
3.176424249085538914e-02
3.171273787314349973e-02
3.165462044394703328e-02
3.158958403787565788e-02
3.151733688010116552e-02
3.143760135248741677e-02
3.135011381402567215e-02
3.125462447481597295e-02
3.115089732194693123e-02
3.103871009479080775e-02
3.091785430645333302e-02
3.078813530740373561e-02
3.064937238666592956e-02
3.050139890538038079e-02
3.034406245705257785e-02
3.017722504839253500e-02
3.000076329432198666e-02
2.981456862048520104e-02
2.961854746644716416e-02
2.941262148269906812e-02
2.919672771461686439e-02
2.897081876663164246e-02
2.873486294007070868e-02
2.848884433841056621e-02
2.823276293404603995e-02
2.796663459111803016e-02
2.769049103944993401e-02
2.740437979521485878e-02
2.710836402458458375e-02
2.680252234728894289e-02
2.648694857773348579e-02
2.616175140207437078e-02
2.582705399042377684e-02
2.548299354414653578e-02
2.512972077900012258e-02
2.476739934565493767e-02
2.439620518990085959e-02
2.401632585558922256e-02
2.362795973406738373e-02
2.323131526452721501e-02
2.282661009030047955e-02
2.241407017668568466e-02
2.199392889637540732e-02
2.156642608896471719e-02
2.113180710135446200e-02
2.069032181611401428e-02
2.024222367503383108e-02
1.978776870517634165e-02
1.932721455472405023e-02
1.886081954582594783e-02
1.838884175145999444e-02
1.791153810306082492e-02
1.742916353531487675e-02
1.694197017410031467e-02
1.645020657305551470e-02
1.595411700370139713e-02
1.545394080342714707e-02
1.494991178498475751e-02
1.444225771043104040e-02
1.393119983171831056e-02
1.341695249937318105e-02
1.289972283992786052e-02
1.237971050199019457e-02
1.185710747006536551e-02
1.133209794448640853e-02
1.080485828508009720e-02
1.027555701550184573e-02
9.744354884525423602e-03
9.211404979983378594e-03
8.676852890529733811e-03
8.140836909948571606e-03
7.603488278369836990e-03
7.064931454487360929e-03
6.525284412711031268e-03
5.984658959137227445e-03
5.443161060295013086e-03
4.900891178831802766e-03
4.357944610647915794e-03
3.814411818484464856e-03
3.270378757621432170e-03
2.725927190161500646e-03
2.181134985368360195e-03
1.636076404705652217e-03
1.090822371590944619e-03
5.454407274520447916e-04
-3.522546998099504851e-09
-3.522546998099509814e-09
-5.454476102717722551e-04
-1.090826866693173428e-03
-1.636070775113444451e-03
-2.181102712739965439e-03
-2.725840053082423647e-03
-3.270194262209839050e-03
-3.814070986998008197e-03
-4.357370134333307665e-03
-4.899985940978982164e-03
-5.441807034459398770e-03
-5.982716485880217906e-03
-6.522591856082106572e-03
-7.061305236925738069e-03
-7.598723289830886657e-03
-8.134707283945297532e-03
-8.669113136504013814e-03
-9.201791458060604167e-03
-9.732587605331992006e-03
-1.026134174440253115e-02
-1.078788892698458700e-02
-1.131205918233632417e-02
-1.183367762729690964e-02
-1.235256459671955215e-02
-1.286853579636763369e-02
-1.338140248009396689e-02
-1.389097165285124724e-02
-1.439704630078954967e-02
-1.489942564938637193e-02
-1.539790545023327940e-02
-1.589227829677345577e-02
-1.638233396895141455e-02
-1.686785980640460175e-02
-1.734864110949983079e-02
-1.782446156720038019e-02
-1.829510371044554967e-02
-1.876034938943717603e-02
-1.921998027296058578e-02
-1.967377836762351784e-02
-2.012152655467934134e-02
-2.056300914191087903e-02
-2.099801242789387304e-02
-2.142632527583201302e-02
-2.184773969406427971e-02
-2.226205142028754233e-02
-2.266906050651581669e-02
-2.306857190181135775e-02
-2.346039602987214784e-02
-2.384434935864434765e-02
-2.422025495924631788e-02
-2.458794305164092170e-02
-2.494725153467405518e-02
-2.529802649830645983e-02
-2.564012271610154742e-02
-2.597340411629053825e-02
-2.629774423001508127e-02
-2.661302661564358615e-02
-2.691914525836630601e-02
-2.721600494459347833e-02
-2.750352161100537776e-02
-2.778162266842980690e-02
-2.805024730104767328e-02
-2.830934674174496665e-02
-2.855888452473922742e-02
-2.879883671690195227e-02
-2.902919212947602939e-02
-2.924995251214224101e-02
-2.946113273161913779e-02
-2.966276093718300116e-02
-2.985487871566514656e-02
-3.003754123862109257e-02
-3.021081740446628083e-02
-3.037478997843577264e-02
-3.052955573324671670e-02
-3.067522559332385573e-02
-3.081192478538658658e-02
-3.093979299809202985e-02
-3.105898455328237953e-02
-3.116966859119557273e-02
-3.127202927176907232e-02
-3.136626599389639308e-02
-3.145259363418853593e-02
-3.153124280644865884e-02
-3.160246014269141313e-02
-3.166650859613076574e-02
-3.172366776612502853e-02
-3.177423424460892182e-02
-3.181852198306246021e-02
-3.185686267856953358e-02
-3.188960617700801331e-02
-3.191712089089137477e-02
-3.193979422885222241e-02
-3.195803303322221345e-02
-3.197226402162307163e-02
-3.198293422793975493e-02
-3.199051143749889053e-02
-3.199548461072051347e-02
-3.199836428894761720e-02
-3.199968297557691937e-02
-3.199999548501038238e-02
-3.199999548501038238e-02
-3.199968353237934993e-02
-3.199836859480231777e-02
-3.199549865446344593e-02
-3.199054359659231350e-02
-3.198299488312902894e-02
-3.197236519133859339e-02
-3.195818802568807515e-02
-3.194001731057455329e-02
-3.191742697080126451e-02
-3.189001050603224724e-02
-3.185738056480727498e-02
-3.181916852306301141e-02
-3.177502407148229818e-02
-3.172461481537838107e-02
-3.166762589021734908e-02
-3.160375959528932688e-02
-3.153273504746158251e-02
-3.145428785638493263e-02
-3.136816982198441239e-02
-3.127414865454770238e-02
-3.117200771723429784e-02
-3.106154579036886354e-02
-3.094257685645621786e-02
-3.081492990446569463e-02
-3.067844875158335857e-02
-3.053299188032208844e-02
-3.037843228861508010e-02
-3.021465735029917402e-02
-3.004156868322050908e-02
-2.985908202206829024e-02
-2.966712709296134495e-02
-2.946564748677751519e-02
-2.925460052822524692e-02
-2.903395713771021042e-02
-2.880370168314397294e-02
-2.856383181897514945e-02
-2.831435830989349756e-02
-2.805530483686024396e-02
-2.778670778335159963e-02
-2.750861599996150958e-02
-2.722109054579256032e-02
-2.692420440536460319e-02
-2.661804218008679765e-02
-2.630269975366472321e-02
-2.597828393114718498e-02
-2.564491205165195936e-02
-2.530271157514278266e-02
-2.495181964395700933e-02
-2.459238262010057796e-02
-2.422455559963071492e-02
-2.384850190573397505e-02
-2.346439256237339843e-02
-2.307240575062288052e-02
-2.267272625002398484e-02
-2.226554486749062964e-02
-2.185105785644610860e-02
-2.142946632900510212e-02
-2.100097566410787098e-02
-2.056579491457435210e-02
-2.012413621607258424e-02
-1.967621420098709939e-02
-1.922224542013026977e-02
-1.876244777516330314e-02
-1.829703996448359821e-02
-1.782624094519460328e-02
-1.735026941360322955e-02
-1.686934330649098035e-02
-1.638367932518020043e-02
-1.589349248416896399e-02
-1.539899568583991650e-02
-1.490039932246191301e-02
-1.439791090640406973e-02
-1.389173472916970312e-02
-1.338207154954015182e-02
-1.286911831079603531e-02
-1.235306788666174285e-02
-1.183410885530155297e-02
-1.131242530038592195e-02
-1.078819663795008155e-02
-1.026159746748531859e-02
-9.732797445444115250e-03
-9.201961179104715255e-03
-8.669248138534384543e-03
-8.134812584218458278e-03
-7.598803507785939493e-03
-7.061364583170915733e-03
-6.522634125499636101e-03
-5.982745054998251863e-03
-5.441824863272199872e-03
-4.899995579425711276e-03
-4.357373733668319128e-03
-3.814070316302067571e-03
-3.270190730300265650e-03
-2.725834736081682481e-03
-2.181096387556943558e-03
-1.636063959079752782e-03
-1.090819863581075390e-03
-5.454405629016909800e-04
3.527826424029619436e-09
3.527826424029625226e-09
5.454477755192450785e-04
1.090829385782256591e-03
1.636083275558671999e-03
2.181141479586409370e-03
2.725932910555338515e-03
3.270383110260080550e-03
3.814413988568963240e-03
4.357943548683665749e-03
4.900885598616262252e-03
5.443149450071385967e-03
5.984639607001695366e-03
6.525255447015284802e-03
7.064890899564045534e-03
7.603434125442492392e-03
8.140767202586579598e-03
8.676765823490896479e-03
9.211299009769221072e-03
9.744228849476427312e-03
1.027541026279714040e-02
1.080469080159658299e-02
1.133191048812907942e-02
1.185690169791747857e-02
1.237948909145925036e-02
1.289948959898936168e-02
1.341671246204391779e-02
1.393095933502769279e-02
1.444202444940197692e-02
1.494969484248197256e-02
1.545375065217395594e-02
1.595396547829830425e-02
1.645010681044304854e-02
1.694193652158171304e-02
1.742921142597656306e-02
1.791168389918223330e-02
1.838910255727288848e-02
1.886121299174720739e-02
1.932775855592681891e-02
1.978848119806442957e-02
2.024312233582437406e-02
2.069142376629876795e-02
2.113312860528396286e-02
2.156798224917013881e-02
2.199573335249859624e-02
2.241613481402056698e-02
2.282894476395317535e-02
2.323392754507524333e-02
2.363085468034019365e-02
2.401950581980679539e-02
2.439966965990034153e-02
2.477114482831641040e-02
2.513374072826323261e-02
2.548727833620471894e-02
2.583159094780754228e-02
2.616652486740873168e-02
2.649194003699538447e-02
2.680771060142005807e-02
2.711372540735270190e-02
2.740988843428503879e-02
2.769611915674451141e-02
2.797235283773191056e-02
2.823854075425862031e-02
2.849465035671465071e-02
2.874066536463500826e-02
2.897658580224005825e-02
2.920242797789225284e-02
2.941822441232798055e-02
2.962402372117795002e-02
2.981989045787456633e-02
3.000590492354982680e-02
3.018216295094647630e-02
3.034877566969052670e-02
3.050586926049974473e-02
3.065358470602641897e-02
3.079207754604870381e-02
3.092151764463343944e-02
3.104208897669204562e-02
3.115398944104050272e-02
3.125743070665766565e-02
3.135263809831408816e-02
3.143985052712199024e-02
3.151932047083983585e-02
3.159131400795926747e-02
3.165611090871402189e-02
3.171400478518830029e-02
3.176530330167380567e-02
3.181032844533989573e-02
3.184941685614671447e-02
3.188292021375978280e-02
3.191120567801951358e-02
3.193465637829414477e-02
3.195367194580123887e-02
3.196866908173068289e-02
3.198008215274285304e-02
3.198836380414889907e-02
3.199398557980788482e-02
3.199743853648742697e-02
3.199923383912427893e-02
3.199990332207048455e-02
3.200000000000009781e-02
