0.000000000000000000e+00 2.240282006947551252e-01
2.222222222222222099e-01 2.241944063904422468e-01
4.444444444444444198e-01 2.243947742784000166e-01
6.666666666666666297e-01 2.245023045023131492e-01
8.888888888888888395e-01 2.241363968154325426e-01
1.111111111111111160e+00 2.230465829843761572e-01
1.333333333333333259e+00 2.214714469950218312e-01
1.555555555555555358e+00 2.200891250058765458e-01
1.777777777777777679e+00 2.195161895881968250e-01
2.000000000000000000e+00 2.197058819075993763e-01
2.000000000000000000e+00 2.197058819075994041e-01
2.222222222222222321e+00 2.195702314668534771e-01
2.444444444444444642e+00 2.193442386525949750e-01
2.666666666666666519e+00 2.192387400731455604e-01
2.888888888888888840e+00 2.194003462404660043e-01
3.111111111111111160e+00 2.198959476785490863e-01
3.333333333333333037e+00 2.207172752094816726e-01
3.555555555555555358e+00 2.217847622968732446e-01
3.777777777777777679e+00 2.229310722926447774e-01
4.000000000000000000e+00 2.238555457823038219e-01
4.000000000000000000e+00 2.238555457823038219e-01
4.222222222222222321e+00 2.242999311006868002e-01
4.444444444444444642e+00 2.245636205932877993e-01
4.666666666666666963e+00 2.248925768603802777e-01
4.888888888888889284e+00 2.253606330897826582e-01
5.111111111111110716e+00 2.259453691698440070e-01
5.333333333333333037e+00 2.265676405991949305e-01
5.555555555555555358e+00 2.271064902651397654e-01
5.777777777777777679e+00 2.274097410480187265e-01
6.000000000000000000e+00 2.273209093478932297e-01
6.000000000000000000e+00 2.273209093478932297e-01
6.222222222222222321e+00 2.277042837301822553e-01
6.444444444444444642e+00 2.279419345399603669e-01
6.666666666666666963e+00 2.281094616926914176e-01
6.888888888888889284e+00 2.278652349341586669e-01
7.111111111111110716e+00 2.269276089724578116e-01
7.333333333333333037e+00 2.254821909781187794e-01
7.555555555555555358e+00 2.241663619395827256e-01
7.777777777777777679e+00 2.236275065993433286e-01
8.000000000000000000e+00 2.240281667904138463e-01
