1.499999999999999944e-01 1.199999999999999956e-01
1.499999999999999944e-01 1.255567416853417551e-01
1.499999999999999944e-01 1.309446445864213826e-01
1.499999999999999944e-01 1.359999999999999820e-01
1.499999999999999944e-01 1.405692035099692649e-01
1.499999999999999944e-01 1.445134221798072827e-01
1.499999999999999944e-01 1.477128129211020269e-01
1.499999999999999944e-01 1.500701638651490699e-01
1.499999999999999944e-01 1.515138480963906520e-01
1.499999999999999944e-01 1.519999999999999962e-01
1.499999999999999944e-01 1.515138480963906520e-01
1.499999999999999944e-01 1.500701638651490699e-01
1.499999999999999944e-01 1.477128129211020269e-01
1.499999999999999944e-01 1.445134221798072827e-01
1.499999999999999944e-01 1.405692035099692649e-01
1.499999999999999944e-01 1.359999999999999820e-01
1.499999999999999944e-01 1.309446445864214104e-01
1.499999999999999944e-01 1.255567416853417828e-01
1.499999999999999944e-01 1.199999999999999956e-01
1.499999999999999944e-01 1.144432583146582361e-01
1.499999999999999944e-01 1.090553554135785946e-01
1.499999999999999944e-01 1.040000000000000091e-01
1.499999999999999944e-01 9.943079649003074005e-02
1.499999999999999944e-01 9.548657782019270845e-02
1.499999999999999944e-01 9.228718707889796424e-02
1.499999999999999944e-01 8.992983613485093508e-02
1.499999999999999944e-01 8.848615190360933913e-02
1.499999999999999944e-01 8.799999999999999489e-02
1.499999999999999944e-01 8.848615190360933913e-02
1.499999999999999944e-01 8.992983613485092120e-02
1.499999999999999944e-01 9.228718707889796424e-02
1.499999999999999944e-01 9.548657782019269458e-02
1.499999999999999944e-01 9.943079649003072618e-02
1.499999999999999944e-01 1.039999999999999813e-01
1.499999999999999944e-01 1.090553554135785808e-01
1.499999999999999944e-01 1.144432583146582222e-01
1.499999999999999944e-01 1.199999999999999817e-01
