0.000000000000000000e+00
3.142696805273544891e-01
6.285393610547089782e-01
9.428090415820634673e-01
1.257078722109417956e+00
1.571348402636772335e+00
1.885618083164126935e+00
2.199887763691481535e+00
2.514157444218835913e+00
2.828427124746190291e+00
2.828427124746190291e+00
2.958601888663280111e+00
3.088776652580370374e+00
3.218951416497460194e+00
3.349126180414550014e+00
3.479300944331639833e+00
3.609475708248730097e+00
3.739650472165819917e+00
3.869825236082910180e+00
4.000000000000000000e+00
4.000000000000000000e+00
4.130174763917089820e+00
4.260349527834179639e+00
4.390524291751270347e+00
4.520699055668360167e+00
4.650873819585449986e+00
4.781048583502539806e+00
4.911223347419630514e+00
5.041398111336720333e+00
5.171572875253810153e+00
5.171572875253810153e+00
5.485842555781164975e+00
5.800112236308518909e+00
6.114381916835873731e+00
6.428651597363227665e+00
6.742921277890582488e+00
7.057190958417937310e+00
7.371460638945291244e+00
7.685730319472645178e+00
8.000000000000000000e+00
