1.500000000000000777e-01
1.500000792803014293e-01
1.500003188057295878e-01
1.500007200490734716e-01
1.500012831489251353e-01
1.500020069968933667e-01
1.500028893227791649e-01
1.500039267777164842e-01
1.500051150152833523e-01
1.500064487705871918e-01
1.500079219373298411e-01
1.500095276428552449e-01
1.500112583211860307e-01
1.500131057840520254e-01
1.500150612899154579e-01
1.500171156109975368e-01
1.500192590983094876e-01
1.500214817446935134e-01
1.500237732458763462e-01
1.500261230595394679e-01
1.500285204624104973e-01
1.500309546053777976e-01
1.500334145666328278e-01
1.500358894028430701e-01
1.500383681983581685e-01
1.500408401124532498e-01
1.500432944246107847e-01
1.500457205778445990e-01
1.500481082200684768e-01
1.500504472435107706e-01
1.500527278221783223e-01
1.500549404473708603e-01
1.500570759612480376e-01
1.500591255884508313e-01
1.500610809657787204e-01
1.500629341699244446e-01
1.500646777432671497e-01
1.500663047177252518e-01
1.500678086366701025e-01
1.500691835749013714e-01
1.500704241566847008e-01
1.500715255718521601e-01
1.500724835899663046e-01
1.500732945725478940e-01
1.500739554833673828e-01
1.500744638968002087e-01
1.500748180042461299e-01
1.500750166186120005e-01
1.500750591768574282e-01
1.500749457406029830e-01
1.500746769948006487e-01
1.500742542444644112e-01
1.500736794094612581e-01
1.500729550173605931e-01
1.500720841943408435e-01
1.500710706541514283e-01
1.500699186851292555e-01
1.500686331352663050e-01
1.500672193953273281e-01
1.500656833800150525e-01
1.500640315071799791e-01
1.500622706750723290e-01
1.500604082376330861e-01
1.500584519778208337e-01
1.500564100789715527e-01
1.500542910941869978e-01
1.500521039137479862e-01
1.500498577305493797e-01
1.500475620035514046e-01
1.500452264192434215e-01
1.500428608511157613e-01
1.500404753171340477e-01
1.500380799352114825e-01
1.500356848766740137e-01
1.500333003177122815e-01
1.500309363888158998e-01
1.500286031221833571e-01
1.500263103971025691e-01
1.500240678832954200e-01
1.500218849822219647e-01
1.500197707663357971e-01
1.500177339162876711e-01
1.500157826560687968e-01
1.500139246860900388e-01
1.500121671141899926e-01
1.500105163845675271e-01
1.500089782046325759e-01
1.500075574697711800e-01
1.500062581860194255e-01
1.500050833906430015e-01
1.500040350706178804e-01
1.500031140790099582e-01
1.500023200492508479e-01
1.500016513073087199e-01
1.500011047817533527e-01
1.500006759117155919e-01
1.500003585527442118e-01
1.500001448805606541e-01
1.500000252927182198e-01
1.499999883081702401e-01
1.499999883081702401e-01
1.500000701823979432e-01
1.500003141076686475e-01
1.500007170079910579e-01
1.500012751383982545e-01
1.500019841310444024e-01
1.500028390403333467e-01
1.500038343870805646e-01
1.500049642017066698e-01
1.500062220664630797e-01
1.500076011566885970e-01
1.500090942810980432e-01
1.500106939211012791e-01
1.500123922691531386e-01
1.500141812661341389e-01
1.500160526377610770e-01
1.500179979300277078e-01
1.500200085436750319e-01
1.500220757676908323e-01
1.500241908118384038e-01
1.500263448382133658e-01
1.500285289918288356e-01
1.500307344302281853e-01
1.500329523521247710e-01
1.500351740250683574e-01
1.500373908121372113e-01
1.500395941976558623e-01
1.500417758119371447e-01
1.500439274550483815e-01
1.500460411196007093e-01
1.500481090125605488e-01
1.500501235760832164e-01
1.500520775073664326e-01
1.500539637775246682e-01
1.500557756494814154e-01
1.500575066948803826e-01
1.500591508100130866e-01
1.500607022307629546e-01
1.500621555465642687e-01
1.500635057133752337e-01
1.500647480656643606e-01
1.500658783274083918e-01
1.500668926221017385e-01
1.500677874817755164e-01
1.500685598550255129e-01
1.500692071140481976e-01
1.500697270606830280e-01
1.500701179314610501e-01
1.500703784016576281e-01
1.500705075883492778e-01
1.500705050524726025e-01
1.500703707998849445e-01
1.500701052814257253e-01
1.500697093919770020e-01
1.500691844685225762e-01
1.500685322872047645e-01
1.500677550593773335e-01
1.500668554266542665e-01
1.500658364549531665e-01
1.500647016275317991e-01
1.500634548370179122e-01
1.500621003764305572e-01
1.500606429291923283e-01
1.500590875581314931e-01
1.500574396934733212e-01
1.500557051198198877e-01
1.500538899621165212e-01
1.500520006706056453e-01
1.500500440047656259e-01
1.500480270162349306e-01
1.500459570307198787e-01
1.500438416288859544e-01
1.500416886262312122e-01
1.500395060519416623e-01
1.500373021267269458e-01
1.500350852396364065e-01
1.500328639238542039e-01
1.500306468314727693e-01
1.500284427072440252e-01
1.500262603613075063e-01
1.500241086408944380e-01
1.500219964010073015e-01
1.500199324740738027e-01
1.500179256385749671e-01
1.500159845866461117e-01
1.500141178906503336e-01
1.500123339687235990e-01
1.500106410492913767e-01
1.500090471345547072e-01
1.500075599629471512e-01
1.500061869705600903e-01
1.500049352515371026e-01
1.500038115174366082e-01
1.500028220555620351e-01
1.500019726862593938e-01
1.500012687191821792e-01
1.500007149085230973e-01
1.500003154072124256e-01
1.500000737200836154e-01
1.499999926560054431e-01
1.499999926560054431e-01
1.500000050577102173e-01
1.500000419595370615e-01
1.500001028330850972e-01
1.500001870572791607e-01
1.500002939248649692e-01
1.500004226487694214e-01
1.500005723683255909e-01
1.500007421553631592e-01
1.500009310201630142e-01
1.500011379172768999e-01
1.500013617512114816e-01
1.500016013819765182e-01
1.500018556304976713e-01
1.500021232838932295e-01
1.500024031006147451e-01
1.500026938154516987e-01
1.500029941443997983e-01
1.500033027893928894e-01
1.500036184428987229e-01
1.500039397923774720e-01
1.500042655246039691e-01
1.500045943298531914e-01
1.500049249059484668e-01
1.500052559621725956e-01
1.500055862230420534e-01
1.500059144319437765e-01
1.500062393546344464e-01
1.500065597826023001e-01
1.500068745362913847e-01
1.500071824681878108e-01
1.500074824657685046e-01
1.500077734543117935e-01
1.500080543995697402e-01
1.500083243103028929e-01
1.500085822406760361e-01
1.500088272925161059e-01
1.500090586174313012e-01
1.500092754187919708e-01
1.500094769535723627e-01
1.500096625340541501e-01
1.500098315293907081e-01
1.500099833670325289e-01
1.500101175340138315e-01
1.500102335780996998e-01
1.500103311087944979e-01
1.500104097982104534e-01
1.500104693817975454e-01
1.500105096589332554e-01
1.500105304933736228e-01
1.500105318135640520e-01
1.500105136128108696e-01
1.500104759493132434e-01
1.500104189460550463e-01
1.500103427905573883e-01
1.500102477344910923e-01
1.500101340931489502e-01
1.500100022447787840e-01
1.500098526297761192e-01
1.500096857497365543e-01
1.500095021663689354e-01
1.500093025002676439e-01
1.500090874295453847e-01
1.500088576883256697e-01
1.500086140650952193e-01
1.500083574009159759e-01
1.500080885874977843e-01
1.500078085651301019e-01
1.500075183204738760e-01
1.500072188842136445e-01
1.500069113285691924e-01
1.500065967646670162e-01
1.500062763397723986e-01
1.500059512343805690e-01
1.500056226591683917e-01
1.500052918518063050e-01
1.500049600736295952e-01
1.500046286061706424e-01
1.500042987475506961e-01
1.500039718087322616e-01
1.500036491096315427e-01
1.500033319750914695e-01
1.500030217307148916e-01
1.500027196985583844e-01
1.500024271926868880e-01
1.500021455145883476e-01
1.500018759484499087e-01
1.500016197562944187e-01
1.500013781729777340e-01
1.500011524010477770e-01
1.500009436054640655e-01
1.500007529081787694e-01
1.500005813825791567e-01
1.500004300477915109e-01
1.500002998628467421e-01
1.500001917207077207e-01
1.500001064421584984e-01
1.500000447695556682e-01
1.500000073604420281e-01
1.499999947810223833e-01
1.499999947810223833e-01
1.500000096597657318e-01
1.500000536606420631e-01
1.500001257724167814e-01
1.500002249113762121e-01
1.500003499276160723e-01
1.500004996111869437e-01
1.500006726980966654e-01
1.500008678761697856e-01
1.500010837907633232e-01
1.500013190503396432e-01
1.500015722318959743e-01
1.500018418862501812e-01
1.500021265431833173e-01
1.500024247164383762e-01
1.500027349085758521e-01
1.500030556156848327e-01
1.500033853319512056e-01
1.500037225540813701e-01
1.500040657855822857e-01
1.500044135408977464e-01
1.500047643494002436e-01
1.500051167592392209e-01
1.500054693410448059e-01
1.500058206914876013e-01
1.500061694366942311e-01
1.500065142355184455e-01
1.500068537826682036e-01
1.500071868116882035e-01
1.500075120977977794e-01
1.500078284605851631e-01
1.500081347665562781e-01
1.500084299315397884e-01
1.500087129229472349e-01
1.500089827618888705e-01
1.500092385251447225e-01
1.500094793469912702e-01
1.500097044208834607e-01
1.500099130009920900e-01
1.500101044035966336e-01
1.500102780083336362e-01
1.500104332593001633e-01
1.500105696660130605e-01
1.500106868042233588e-01
1.500107843165864041e-01
1.500108619131871879e-01
1.500109193719214307e-01
1.500109565387320043e-01
1.500109733277010249e-01
1.500109697209977555e-01
1.500109457686816528e-01
1.500109015883616670e-01
1.500108373647111026e-01
1.500107533488380107e-01
1.500106498575119462e-01
1.500105272722465355e-01
1.500103860382376031e-01
1.500102266631582748e-01
1.500100497158091684e-01
1.500098558246259206e-01
1.500096456760422470e-01
1.500094200127097821e-01
1.500091796315744519e-01
1.500089253818094881e-01
1.500086581626049187e-01
1.500083789208140617e-01
1.500080886484573273e-01
1.500077883800823575e-01
1.500074791899819182e-01
1.500071621892689055e-01
1.500068385228087442e-01
1.500065093660093718e-01
1.500061759214690316e-01
1.500058394154816788e-01
1.500055010944005562e-01
1.500051622208598001e-01
1.500048240698543256e-01
1.500044879246781870e-01
1.500041550727212181e-01
1.500038268011250620e-01
1.500035043922972877e-01
1.500031891192852851e-01
1.500028822410089391e-01
1.500025849973528891e-01
1.500022986041185113e-01
1.500020242478355414e-01
1.500017630804336144e-01
1.500015162137741942e-01
1.500012847140428651e-01
1.500010695960020957e-01
1.500008718171048083e-01
1.500006922714691993e-01
1.500005317837145857e-01
1.500003911026589754e-01
1.500002708948782459e-01
1.500001717381273525e-01
1.500000941146239219e-01
1.500000384041942636e-01
1.500000048772822392e-01
1.499999936878214091e-01
1.499999936878214091e-01
1.500000812158931163e-01
1.500003415189735678e-01
1.500007706579586375e-01
1.500013640423262518e-01
1.500021164773407689e-01
1.500030222102256838e-01
1.500040749753046854e-01
1.500052680381099846e-01
1.500065942384596340e-01
1.500080460325022846e-01
1.500096155337306003e-01
1.500112945529629427e-01
1.500130746372935475e-01
1.500149471080118313e-01
1.500169030974902451e-01
1.500189335850419525e-01
1.500210294317474990e-01
1.500231814142516662e-01
1.500253802575301221e-01
1.500276166666264788e-01
1.500298813573602286e-01
1.500321650860050038e-01
1.500344586779385758e-01
1.500367530552638717e-01
1.500390392634023962e-01
1.500413084966589483e-01
1.500435521227593272e-01
1.500457617063605531e-01
1.500479290315340497e-01
1.500500461232223415e-01
1.500521052676694334e-01
1.500540990318252610e-01
1.500560202817246835e-01
1.500578621998412687e-01
1.500596183014164531e-01
1.500612824497644104e-01
1.500628488705531283e-01
1.500643121650621081e-01
1.500656673224175230e-01
1.500669097308044708e-01
1.500680351876585161e-01
1.500690399088351334e-01
1.500699205367594657e-01
1.500706741475555384e-01
1.500712982571571763e-01
1.500717908263997646e-01
1.500721502650946837e-01
1.500723754350871963e-01
1.500724656522973988e-01
1.500724206877470934e-01
1.500722407675713910e-01
1.500719265720174000e-01
1.500714792334305048e-01
1.500709003332287295e-01
1.500701918978671612e-01
1.500693563937922359e-01
1.500683967213883030e-01
1.500673162079161627e-01
1.500661185994460467e-01
1.500648080517844318e-01
1.500633891203979609e-01
1.500618667493334168e-01
1.500602462591366093e-01
1.500585333337703109e-01
1.500567340065328270e-01
1.500548546449780307e-01
1.500529019348389448e-01
1.500508828629542879e-01
1.500488046992011770e-01
1.500466749774335140e-01
1.500445014754281658e-01
1.500422921938394938e-01
1.500400553341639243e-01
1.500377992757149226e-01
1.500355325516101457e-01
1.500332638237713845e-01
1.500310018569387394e-01
1.500287554916994726e-01
1.500265336165333419e-01
1.500243451388745264e-01
1.500221989551919488e-01
1.500201039200882158e-01
1.500180688144189256e-01
1.500161023124321757e-01
1.500142129479305475e-01
1.500124090794552612e-01
1.500106988544940012e-01
1.500090901727135217e-01
1.500075906482176147e-01
1.500062075708311071e-01
1.500049478664118030e-01
1.500038180561906742e-01
1.500028242151412450e-01
1.500019719293801124e-01
1.500012662525986584e-01
1.500007116615287572e-01
1.500003120104420051e-01
1.500000704846857491e-01
1.499999895532565242e-01
1.499999895532565242e-01
1.500001435918698889e-01
1.500006021626529851e-01
1.500013589814588322e-01
1.500024065457606082e-01
1.500037362210456249e-01
1.500053383253255879e-01
1.500072022117639181e-01
1.500093163494181647e-01
1.500116684020983693e-01
1.500142453053399660e-01
1.500170333414931889e-01
1.500200182129278470e-01
1.500231851133549399e-01
1.500265187972658620e-01
1.500300036474897514e-01
1.500336237408697593e-01
1.500373629120603791e-01
1.500412048154453615e-01
1.500451329851791860e-01
1.500491308933515899e-01
1.500531820062779298e-01
1.500572698389152360e-01
1.500613780074067372e-01
1.500654902797552148e-01
1.500695906246262146e-01
1.500736632582838903e-01
1.500776926896592589e-01
1.500816637635531414e-01
1.500855617019749011e-01
1.500893721436184214e-01
1.500930811814763788e-01
1.500966753985947810e-01
1.501001419019689642e-01
1.501034683545818260e-01
1.501066430055871537e-01
1.501096547186381303e-01
1.501124929983632117e-01
1.501151480149912620e-01
1.501176106271267241e-01
1.501198724026768239e-01
1.501219256379330846e-01
1.501237633748074840e-01
1.501253794162267785e-01
1.501267683396852182e-01
1.501279255089583986e-01
1.501288470839803324e-01
1.501295300288849055e-01
1.501299721182145497e-01
1.501301719412978242e-01
1.501301289047982379e-01
1.501298432334360888e-01
1.501293159688864287e-01
1.501285489668541251e-01
1.501275448923297673e-01
1.501263072130277210e-01
1.501248401910092733e-01
1.501231488724929508e-01
1.501212390758545900e-01
1.501191173778196886e-01
1.501167910978505604e-01
1.501142682807300455e-01
1.501115576773453808e-01
1.501086687236735384e-01
1.501056115179713046e-01
1.501023967961715999e-01
1.500990359054889811e-01
1.500955407762370464e-01
1.500919238918580478e-01
1.500881982571690976e-01
1.500843773648257995e-01
1.500804751600050835e-01
1.500765060033099896e-01
1.500724846318973460e-01
1.500684261188303115e-01
1.500643458306572531e-01
1.500602593832184306e-01
1.500561825956816253e-01
1.500521314428077402e-01
1.500481220054475651e-01
1.500441704192705117e-01
1.500402928217255683e-01
1.500365052972356950e-01
1.500328238206255493e-01
1.500292641987830411e-01
1.500258420105543833e-01
1.500225725448735281e-01
1.500194707371248493e-01
1.500165511037394039e-01
1.500138276750243582e-01
1.500113139262252981e-01
1.500090227068203441e-01
1.500069661680466238e-01
1.500051556886576598e-01
1.500036017989117565e-01
1.500023141027907458e-01
1.500013011984489830e-01
1.500005705968923131e-01
1.500001286388868704e-01
1.499999804100985157e-01
1.499999804100984879e-01
1.500001316022764597e-01
1.500005822081497964e-01
1.500013267672349049e-01
1.500023585510335267e-01
1.500036696506088785e-01
1.500052510622844892e-01
1.500070927714644009e-01
1.500091838345716799e-01
1.500115124591048787e-01
1.500140660818100047e-01
1.500168314449683016e-01
1.500197946707989005e-01
1.500229413339763673e-01
1.500262565322631747e-01
1.500297249552577372e-01
1.500333309512580371e-01
1.500370585922423949e-01
1.500408917369669970e-01
1.500448140921827322e-01
1.500488092719705069e-01
1.500528608551984222e-01
1.500569524410995115e-01
1.500610677029736995e-01
1.500651904400135961e-01
1.500693046272561504e-01
1.500733944636617190e-01
1.500774444183214651e-01
1.500814392747947812e-01
1.500853641735781785e-01
1.500892046527071144e-01
1.500929466864920347e-01
1.500965767223901848e-01
1.501000817160151601e-01
1.501034491642845858e-01
1.501066671367088379e-01
1.501097243048210572e-01
1.501126099697512595e-01
1.501153140879447623e-01
1.501178272950279557e-01
1.501201409278218879e-01
1.501222470445060242e-01
1.501241384429336800e-01
1.501258086771008471e-01
1.501272520717700509e-01
1.501284637352515716e-01
1.501294395703430817e-01
1.501301762834301168e-01
1.501306713917493763e-01
1.501309232288165763e-01
1.501309309480206300e-01
1.501306945243868207e-01
1.501302147545104104e-01
1.501294932546632654e-01
1.501285324570751367e-01
1.501273356043923979e-01
1.501259067423154070e-01
1.501242507104179058e-01
1.501223731311495391e-01
1.501202803970242416e-01
1.501179796559968249e-01
1.501154787950290670e-01
1.501127864218486929e-01
1.501099118449020775e-01
1.501068650515035852e-01
1.501036566841835174e-01
1.501002980152357502e-01
1.500968009194683650e-01
1.500931778451575216e-01
1.500894417832074890e-01
1.500856062345179431e-01
1.500816851755597259e-01
1.500776930221609795e-01
1.500736445915046013e-01
1.500695550623379892e-01
1.500654399333962719e-01
1.500613149800393287e-01
1.500571962091039602e-01
1.500530998119703474e-01
1.500490421158444942e-01
1.500450395332552367e-01
1.500411085097667352e-01
1.500372654699051456e-01
1.500335267612993850e-01
1.500299085970349944e-01
1.500264269962198194e-01
1.500230977227603457e-01
1.500199362223473276e-01
1.500169575576487113e-01
1.500141763417081608e-01
1.500116066695464101e-01
1.500092620479644701e-01
1.500071553235446109e-01
1.500052986088475371e-01
1.500037032068027298e-01
1.500023795332885990e-01
1.500013370379003619e-01
1.500005841229016812e-01
1.500001280603577847e-01
1.499999749074462096e-01
1.499999749074461819e-01
1.500000574503910500e-01
1.500003037374083859e-01
1.500007111777996727e-01
1.500012764502051676e-01
1.500019955517117309e-01
1.500028638459342256e-01
1.500038761100685736e-01
1.500050265809145522e-01
1.500063089998678323e-01
1.500077166568788700e-01
1.500092424333779595e-01
1.500108788441664454e-01
1.500126180782718477e-01
1.500144520387676483e-01
1.500163723815564065e-01
1.500183705531159262e-01
1.500204378272091688e-01
1.500225653405558024e-01
1.500247441274674409e-01
1.500269651534445747e-01
1.500292193477369695e-01
1.500314976348658402e-01
1.500337909651096313e-01
1.500360903439519611e-01
1.500383868604931725e-01
1.500406717148250468e-01
1.500429362443690129e-01
1.500451719491784353e-01
1.500473705162047033e-01
1.500495238425280653e-01
1.500516240575535121e-01
1.500536635441712674e-01
1.500556349588832161e-01
1.500575312508956871e-01
1.500593456801778691e-01
1.500610718344879135e-01
1.500627036453655583e-01
1.500642354030933823e-01
1.500656617706259133e-01
1.500669777964872553e-01
1.500681789266388733e-01
1.500692610153164519e-01
1.500702203348380226e-01
1.500710535843819415e-01
1.500717578977380784e-01
1.500723308500299114e-01
1.500727704634100546e-01
1.500730752117293842e-01
1.500732440241803467e-01
1.500732762879147808e-01
1.500731718496378375e-01
1.500729310161777463e-01
1.500725545540327888e-01
1.500720436878958952e-01
1.500714000981578089e-01
1.500706259173889556e-01
1.500697237258021566e-01
1.500686965456951016e-01
1.500675478348743874e-01
1.500662814790624244e-01
1.500649017832862142e-01
1.500634134622503557e-01
1.500618216296941143e-01
1.500601317867334972e-01
1.500583498091891121e-01
1.500564819339000322e-01
1.500545347440249422e-01
1.500525151533304846e-01
1.500504303894674984e-01
1.500482879762361776e-01
1.500460957148401775e-01
1.500438616641295297e-01
1.500415941198338377e-01
1.500393015927855012e-01
1.500369927861323893e-01
1.500346765715420694e-01
1.500323619643954276e-01
1.500300580979713194e-01
1.500277741966212219e-01
1.500255195479344716e-01
1.500233034738927829e-01
1.500211353010151016e-01
1.500190243294909909e-01
1.500169798013024358e-01
1.500150108673342919e-01
1.500131265534709879e-01
1.500113357256799840e-01
1.500096470540804028e-01
1.500080689759955010e-01
1.500066096579888708e-01
1.500052769568814004e-01
1.500040783797492450e-01
1.500030210429001143e-01
1.500021116298267954e-01
1.500013563481362999e-01
1.500007608854521668e-01
1.500003303642890029e-01
1.500000692958964876e-01
1.499999815330708697e-01
1.499999815330708419e-01
1.499999923018314196e-01
1.500000246302819473e-01
1.500000784555023392e-01
1.500001535923257412e-01
1.500002497406996704e-01
1.500003664929042135e-01
1.500005033406277555e-01
1.500006596818984905e-01
1.500008348278735193e-01
1.500010280094831727e-01
1.500012383839325614e-01
1.500014650410583239e-01
1.500017070095414629e-01
1.500019632629761568e-01
1.500022327257937160e-01
1.500025142790419319e-01
1.500028067660201803e-01
1.500031089977691967e-01
1.500034197584163009e-01
1.500037378103750429e-01
1.500040618994002151e-01
1.500043907594974246e-01
1.500047231176871720e-01
1.500050576986236006e-01
1.500053932290678071e-01
1.500057284422153248e-01
1.500060620818779999e-01
1.500063929065202362e-01
1.500067196931492708e-01
1.500070412410593190e-01
1.500073563754302786e-01
1.500076639507798293e-01
1.500079628542697052e-01
1.500082520088658056e-01
1.500085303763518396e-01
1.500087969601970883e-01
1.500090508082773666e-01
1.500092910154498804e-01
1.500095167259815343e-01
1.500097271358308282e-01
1.500099214947830384e-01
1.500100991084389879e-01
1.500102593400569617e-01
1.500104016122482953e-01
1.500105254085257744e-01
1.500106302747056808e-01
1.500107158201628710e-01
1.500107817189389181e-01
1.500108277107036203e-01
1.500108536015692939e-01
1.500108592647583783e-01
1.500108446411241025e-01
1.500108097395237428e-01
1.500107546370453848e-01
1.500106794790870279e-01
1.500105844792893328e-01
1.500104699193204882e-01
1.500103361485142783e-01
1.500101835833612673e-01
1.500100127068521028e-01
1.500098240676740191e-01
1.500096182792602373e-01
1.500093960186916764e-01
1.500091580254514501e-01
1.500089051000322860e-01
1.500086381023963689e-01
1.500083579502878295e-01
1.500080656173978233e-01
1.500077621313822274e-01
1.500074485717316219e-01
1.500071260674942786e-01
1.500067957948511554e-01
1.500064589745433163e-01
1.500061168691522728e-01
1.500057707802319173e-01
1.500054220452936848e-01
1.500050720346430277e-01
1.500047221480690085e-01
1.500043738113855940e-01
1.500040284728251516e-01
1.500036875992842300e-01
1.500033526724212640e-01
1.500030251846062590e-01
1.500027066347224269e-01
1.500023985238196911e-01
1.500021023506198925e-01
1.500018196068740595e-01
1.500015517725706848e-01
1.500013003109961773e-01
1.500010666636463208e-01
1.500008522449894910e-01
1.500006584370806584e-01
1.500004865840270929e-01
1.500003379863046327e-01
1.500002138949251551e-01
1.500001155054547786e-01
1.500000439518826556e-01
1.500000003003403859e-01
1.499999855426719098e-01
1.499999855426719098e-01
1.499999981391648973e-01
1.500000356078212693e-01
1.500000973935299298e-01
1.500001828480883870e-01
1.500002912368479657e-01
1.500004217452144406e-01
1.500005734850050065e-01
1.500007455006613921e-01
1.500009367753195044e-01
1.500011462367358828e-01
1.500013727630708504e-01
1.500016151885288085e-01
1.500018723088555328e-01
1.500021428866927520e-01
1.500024256567903946e-01
1.500027193310762008e-01
1.500030226035833913e-01
1.500033341552353405e-01
1.500036526584891117e-01
1.500039767818363845e-01
1.500043051941629124e-01
1.500046365689656491e-01
1.500049695884288492e-01
1.500053029473578659e-01
1.500056353569717005e-01
1.500059655485541932e-01
1.500062922769631879e-01
1.500066143239989214e-01
1.500069305016306920e-01
1.500072396550822251e-01
1.500075406657756516e-01
1.500078324541346264e-01
1.500081139822456999e-01
1.500083842563786352e-01
1.500086423293657822e-01
1.500088873028397052e-01
1.500091183293301156e-01
1.500093346142194473e-01
1.500095354175569884e-01
1.500097200557322097e-01
1.500098879030066779e-01
1.500100383929045544e-01
1.500101710194624571e-01
1.500102853383373236e-01
1.500103809677735267e-01
1.500104575894284642e-01
1.500105149490570389e-01
1.500105528570543911e-01
1.500105711888578275e-01
1.500105698852069180e-01
1.500105489522621793e-01
1.500105084615825923e-01
1.500104485499612339e-01
1.500103694191197712e-01
1.500102713352609862e-01
1.500101546284801357e-01
1.500100196920339801e-01
1.500098669814691477e-01
1.500096970136076402e-01
1.500095103653914241e-01
1.500093076725848296e-01
1.500090896283350073e-01
1.500088569815909711e-01
1.500086105353801991e-01
1.500083511449434304e-01
1.500080797157275492e-01
1.500077972012363869e-01
1.500075046007394164e-01
1.500072029568380316e-01
1.500068933528903581e-01
1.500065769102930102e-01
1.500062547856213513e-01
1.500059281676268397e-01
1.500055982740926830e-01
1.500052663485464677e-01
1.500049336568310965e-01
1.500046014835328401e-01
1.500042711282671137e-01
1.500039439018219511e-01
1.500036211221584537e-01
1.500033041102696862e-01
1.500029941858959659e-01
1.500026926630985413e-01
1.500024008456899982e-01
1.500021200225226392e-01
1.500018514626339783e-01
1.500015964102498212e-01
1.500013560796447931e-01
1.500011316498600367e-01
1.500009242592787173e-01
1.500007350000590323e-01
1.500005649124240004e-01
1.500004149788099206e-01
1.500002861178712510e-01
1.500001791783437677e-01
1.500000949327651989e-01
1.500000340710533620e-01
1.499999971939423027e-01
1.499999848062759378e-01
1.499999848062759655e-01
1.500000658105448137e-01
1.500003074178546669e-01
1.500007069629997469e-01
1.500012610769271282e-01
1.500019657343491519e-01
1.500028163003400694e-01
1.500038075759202172e-01
1.500049338426279466e-01
1.500061889060820275e-01
1.500075661385350534e-01
1.500090585204202354e-01
1.500106586808925557e-01
1.500123589373655031e-01
1.500141513340450816e-01
1.500160276794616498e-01
1.500179795830013929e-01
1.500199984904375949e-01
1.500220757184632103e-01
1.500242024882252334e-01
1.500263699578613663e-01
1.500285692540401783e-01
1.500307915025045069e-01
1.500330278576185450e-01
1.500352695309197515e-01
1.500375078186742817e-01
1.500397341284378239e-01
1.500419400046198448e-01
1.500441171530527140e-01
1.500462574645650971e-01
1.500483530375585628e-01
1.500503961995886537e-01
1.500523795279478378e-01
1.500542958692523410e-01
1.500561383580300001e-01
1.500579004343102762e-01
1.500595758602143170e-01
1.500611587355459298e-01
1.500626435123808000e-01
1.500640250086550387e-01
1.500652984207506979e-01
1.500664593350779230e-01
1.500675037386535460e-01
1.500684280286734007e-01
1.500692290210792479e-01
1.500699039581181726e-01
1.500704505148935386e-01
1.500708668049073324e-01
1.500711513845911227e-01
1.500713032568267435e-01
1.500713218734539833e-01
1.500712071367650280e-01
1.500709593999839664e-01
1.500705794667317183e-01
1.500700685894731379e-01
1.500694284669477074e-01
1.500686612405807696e-01
1.500677694898757686e-01
1.500667562267856969e-01
1.500656248890627764e-01
1.500643793325862618e-01
1.500630238226666746e-01
1.500615630243254395e-01
1.500600019915500904e-01
1.500583461555231313e-01
1.500566013118240782e-01
1.500547736066044080e-01
1.500528695217338560e-01
1.500508958589179542e-01
1.500488597227857268e-01
1.500467685029471809e-01
1.500446298550199009e-01
1.500424516806235786e-01
1.500402421063432579e-01
1.500380094616590443e-01
1.500357622558431969e-01
1.500335091538237686e-01
1.500312589510134076e-01
1.500290205471046245e-01
1.500268029188299435e-01
1.500246150916870747e-01
1.500224661106286661e-01
1.500203650097171604e-01
1.500183207807431751e-01
1.500163423408089891e-01
1.500144384988761070e-01
1.500126179212770416e-01
1.500108890961917296e-01
1.500092602970885813e-01
1.500077395451305251e-01
1.500063345705465734e-01
1.500050527729690775e-01
1.500039011807370315e-01
1.500028864091674796e-01
1.500020146177940827e-01
1.500012914665748154e-01
1.500007220710700417e-01
1.500003109565920256e-01
1.500000620113267624e-01
1.499999784384313806e-01
1.499999784384313806e-01
1.500000057006407317e-01
1.500000972396491883e-01
1.500002661752845856e-01
1.500005236963312116e-01
1.500008791597039759e-01
1.500013401877035024e-01
1.500019127633418214e-01
1.500026013237301670e-01
1.500034088515222186e-01
1.500043369644064595e-01
1.500053860026431818e-01
1.500065551146414211e-01
1.500078423405740990e-01
1.500092446940269886e-01
1.500107582416814467e-01
1.500123781810283052e-01
1.500140989161125871e-01
1.500159141313086864e-01
1.500178168631249309e-01
1.500197995700388032e-01
1.500218542003616540e-01
1.500239722581341306e-01
1.500261448670522912e-01
1.500283628324249885e-01
1.500306167011626612e-01
1.500328968197982282e-01
1.500351933905403889e-01
1.500374965253593318e-01
1.500397962981049604e-01
1.500420827946581659e-01
1.500443461611145057e-01
1.500465766500000686e-01
1.500487646645194406e-01
1.500509008008347744e-01
1.500529758883757114e-01
1.500549810281783525e-01
1.500569076292537773e-01
1.500587474429827817e-01
1.500604925955374702e-01
1.500621356183267363e-01
1.500636694764647117e-01
1.500650875952597163e-01
1.500663838847226261e-01
1.500675527620919658e-01
1.500685891723734511e-01
1.500694886068920653e-01
1.500702471198545607e-01
1.500708613429191374e-01
1.500713284977708006e-01
1.500716464066989830e-01
1.500718135011758492e-01
1.500718288284318136e-01
1.500716920560269119e-01
1.500714034744136394e-01
1.500709639974912302e-01
1.500703751611469350e-01
1.500696391197826607e-01
1.500687586408251672e-01
1.500677370972165747e-01
1.500665784578840145e-01
1.500652872761859269e-01
1.500638686763334506e-01
1.500623283377846562e-01
1.500606724776109568e-01
1.500589078308331714e-01
1.500570416287271003e-01
1.500550815750966160e-01
1.500530358205141856e-01
1.500509129345277415e-01
1.500487218758333186e-01
1.500464719604139019e-01
1.500441728276436237e-01
1.500418344043585317e-01
1.500394668668934839e-01
1.500370806010865865e-01
1.500346861602520621e-01
1.500322942211228250e-01
1.500299155377642357e-01
1.500275608934612537e-01
1.500252410505807377e-01
1.500229666984120580e-01
1.500207483989882407e-01
1.500185965308910852e-01
1.500165212310439755e-01
1.500145323344958814e-01
1.500126393122014623e-01
1.500108512068009381e-01
1.500091765664060550e-01
1.500076233763967259e-01
1.500061989892345071e-01
1.500049100522998224e-01
1.500037624337590414e-01
1.500027611464696542e-01
1.500019102699310658e-01
1.500012128702894187e-01
1.500006709184064091e-01
1.500002852060008940e-01
1.500000552598743375e-01
1.499999792542317245e-01
