1.533753565603027391e-01
1.532746457646764759e-01
1.529843457827280984e-01
1.525385065929391049e-01
1.519898166467615330e-01
1.514037286250358716e-01
1.508509109211887966e-01
1.503987467296134528e-01
1.501028832472957875e-01
1.499999947810224388e-01
1.501028841108889844e-01
1.503987480992781678e-01
1.508509122909544031e-01
1.514037296382861886e-01
1.519898172947997672e-01
1.525385071758642574e-01
1.529843466475334646e-01
1.532746469797163225e-01
1.533753364595187296e-01
1.532746406848065068e-01
1.529843353365131775e-01
1.525384929520519628e-01
1.519898023520966923e-01
1.514037155597482975e-01
1.508508997135060703e-01
1.503987369031607735e-01
1.501028739564611580e-01
1.499999855426719653e-01
1.501028749704950982e-01
1.503987391961622566e-01
1.508509033547708322e-01
1.514037200083451218e-01
1.519898065444770796e-01
1.525384958431241222e-01
1.529843364502279368e-01
1.532746402828135401e-01
1.533753352771053957e-01
