1.200000000000005507e-01
1.200019341648061455e-01
1.200077236102211342e-01
1.200173488237348818e-01
1.200307903733446591e-01
1.200480289064621287e-01
1.200690451487328586e-01
1.200938199027724862e-01
1.201223340468217937e-01
1.201545685333243463e-01
1.201905043874296475e-01
1.202301227054243249e-01
1.202734046530948009e-01
1.203203314640239330e-01
1.203708844378245935e-01
1.204250449383128113e-01
1.204827943916235156e-01
1.205441142842711144e-01
1.206089861611579772e-01
1.206773916235331506e-01
1.207493123269040430e-01
1.208247299789032836e-01
1.209036263371137954e-01
1.209859832068539837e-01
1.210717824389256209e-01
1.211610059273269258e-01
1.212536356069330024e-01
1.213496534511461361e-01
1.214490414695175990e-01
1.215517817053443084e-01
1.216578562332412544e-01
1.217672471566925846e-01
1.218799366055836053e-01
1.219959067337149927e-01
1.221151397163020152e-01
1.222376177474604336e-01
1.223633230376811182e-01
1.224922378112952848e-01
1.226243443039321812e-01
1.227596247599715001e-01
1.228980614299917257e-01
1.230396365682169119e-01
1.231843324299628784e-01
1.233321312690854599e-01
1.234830153354319338e-01
1.236369668722974435e-01
1.237939681138880699e-01
1.239540012827923532e-01
1.241170485874626417e-01
1.242830922197079718e-01
1.244521143521998552e-01
1.246240971359928867e-01
1.247990226980610073e-01
1.249768731388515297e-01
1.251576305298579550e-01
1.253412769112132175e-01
1.255277942893043286e-01
1.257171646344104610e-01
1.259093698783649018e-01
1.261043919122431245e-01
1.263022125840772836e-01
1.265028136965992422e-01
1.267061770050126879e-01
1.269122842147958063e-01
1.271211169795355977e-01
1.273326568987952212e-01
1.275468855160149795e-01
1.277637843164484144e-01
1.279833347251342068e-01
1.282055181049056303e-01
1.284303157544374463e-01
1.286577089063322410e-01
1.288876787252467015e-01
1.291202063060583882e-01
1.293552726720748336e-01
1.295928587732849135e-01
1.298329454846537945e-01
1.300755136044623450e-01
1.303205438526912896e-01
1.305680168694516585e-01
1.308179132134615064e-01
1.310702133605701480e-01
1.313248977023302455e-01
1.315819465446187719e-01
1.318413401063069923e-01
1.321030585179806816e-01
1.323670818207106359e-01
1.326333899648743653e-01
1.329019628090293004e-01
1.331727801188381799e-01
1.334458215660472291e-01
1.337210667275168796e-01
1.339984950843066125e-01
1.342780860208133420e-01
1.345598188239642556e-01
1.348436726824640830e-01
1.351296266860977924e-01
1.354176598250880770e-01
1.357077509895089074e-01
1.359998789687545118e-01
1.359998789687544563e-01
1.361214307990887828e-01
1.362432352093052856e-01
1.363652823849527684e-01
1.364875625070192666e-01
1.366100657520602224e-01
1.367327822923296576e-01
1.368557022959130953e-01
1.369788159268629513e-01
1.371021133453358964e-01
1.372255847077323843e-01
1.373492201668379264e-01
1.374730098719663118e-01
1.375969439691046015e-01
1.377210126010596780e-01
1.378452059076067104e-01
1.379695140256383956e-01
1.380939270893165316e-01
1.382184352302241181e-01
1.383430285775191504e-01
1.384676972580892451e-01
1.385924313967074883e-01
1.387172211161892821e-01
1.388420565375498017e-01
1.389669277801624525e-01
1.390918249619177149e-01
1.392167381993830444e-01
1.393416576079627434e-01
1.394665733020585274e-01
1.395914753952303689e-01
1.397163540003573123e-01
1.398411992297988182e-01
1.399660011955557726e-01
1.400907500094316360e-01
1.402154357831931764e-01
1.403400486287312843e-01
1.404645786582212896e-01
1.405890159842827503e-01
1.407133507201387690e-01
1.408375729797748110e-01
1.409616728780966888e-01
1.410856405310875750e-01
1.412094660559645998e-01
1.413331395713339766e-01
1.414566511973451290e-01
1.415799910558442065e-01
1.417031492705253803e-01
1.418261159670815841e-01
1.419488812733536165e-01
1.420714353194774404e-01
1.421937682380303436e-01
1.423158701641749346e-01
1.424377312358017789e-01
1.425593415936698416e-01
1.426806913815451550e-01
1.428017707463374308e-01
1.429225698382344811e-01
1.430430788108346396e-01
1.431632878212765470e-01
1.432831870303669930e-01
1.434027666027059278e-01
1.435220167068092245e-01
1.436409275152288056e-01
1.437594892046699380e-01
1.438776919561058354e-01
1.439955259548898192e-01
1.441129813908637314e-01
1.442300484584642384e-01
1.443467173568255546e-01
1.444629782898794179e-01
1.445788214664514293e-01
1.446942371003545336e-01
1.448092154104789753e-01
1.449237466208790626e-01
1.450378209608561286e-01
1.451514286650383012e-01
1.452645599734566917e-01
1.453772051316175595e-01
1.454893543905712849e-01
1.456009980069772336e-01
1.457121262431649300e-01
1.458227293671914282e-01
1.459327976528945747e-01
1.460423213799424969e-01
1.461512908338789274e-01
1.462596963061645328e-01
1.463675280942140500e-01
1.464747765014293712e-01
1.465814318372282432e-01
1.466874844170688863e-01
1.467929245624703671e-01
1.468977426010281417e-01
1.470019288664261570e-01
1.471054736984432898e-01
1.472083674429568723e-01
1.473106004519403045e-01
1.474121630834570318e-01
1.475130457016497754e-01
1.476132386767250171e-01
1.477127323849334872e-01
1.477127323849334872e-01
1.477885805416891962e-01
1.478639737396773290e-01
1.479389054640807277e-01
1.480133692025810688e-01
1.480873584453525627e-01
1.481608666850531275e-01
1.482338874168150356e-01
1.483064141382327283e-01
1.483784403493499937e-01
1.484499595526448390e-01
1.485209652530126989e-01
1.485914509577484222e-01
1.486614101765261486e-01
1.487308364213774103e-01
1.487997232066680664e-01
1.488680640490728790e-01
1.489358524675490070e-01
1.490030819833072506e-01
1.490697461197821039e-01
1.491358384025995854e-01
1.492013523595438762e-01
1.492662815205218763e-01
1.493306194175261781e-01
1.493943595845965699e-01
1.494574955577795128e-01
1.495200208750860627e-01
1.495819290764483500e-01
1.496432137036738663e-01
1.497038683003988069e-01
1.497638864120390267e-01
1.498232615857398864e-01
1.498819873703240435e-01
1.499400573162382733e-01
1.499974649754978739e-01
1.500542039016300733e-01
1.501102676496155752e-01
1.501656497758285524e-01
1.502203438379752787e-01
1.502743433950309848e-01
1.503276420071753827e-01
1.503802332357265237e-01
1.504321106430733801e-01
1.504832677926067896e-01
1.505336982486489839e-01
1.505833955763817567e-01
1.506323533417732174e-01
1.506805651115033784e-01
1.507280244528878821e-01
1.507747249338008688e-01
1.508206601225965393e-01
1.508658235880290244e-01
1.509102088991716439e-01
1.509538096253344175e-01
1.509966193359806863e-01
1.510386316006427088e-01
1.510798399888355070e-01
1.511202380699706582e-01
1.511598194132681150e-01
1.511985775876676374e-01
1.512365061617388373e-01
1.512735987035905283e-01
1.513098487807792436e-01
1.513452499602167822e-01
1.513797958080768669e-01
1.514134798897013856e-01
1.514462957695054957e-01
1.514782370108823384e-01
1.515092971761069218e-01
1.515394698262398365e-01
1.515687485210298890e-01
1.515971268188165966e-01
1.516245982764323763e-01
1.516511564491038466e-01
1.516767948903535446e-01
1.517015071519005609e-01
1.517252867835616192e-01
1.517481273331518776e-01
1.517700223463852027e-01
1.517909653667750824e-01
1.518109499355350112e-01
1.518299695914792913e-01
1.518480178709238348e-01
1.518650883075872704e-01
1.518811744324922997e-01
1.518962697738673873e-01
1.519103678570490334e-01
1.519234622043842131e-01
1.519355463351338420e-01
1.519466137653763815e-01
1.519566580079124984e-01
1.519656725721705848e-01
1.519736509641128053e-01
1.519805866861422272e-01
1.519864732370112825e-01
1.519913041117309238e-01
1.519950728014810293e-01
1.519977727935225009e-01
1.519993975711100564e-01
1.519999406134071585e-01
1.519999406134071585e-01
1.519995431819839427e-01
1.519983492947459824e-01
1.519963565605393641e-01
1.519935625859218375e-01
1.519899649751381698e-01
1.519855613300960806e-01
1.519803492503434272e-01
1.519743263330458616e-01
1.519674901729654581e-01
1.519598383624402027e-01
1.519513684913643692e-01
1.519420781471697568e-01
1.519319649148079543e-01
1.519210263767333258e-01
1.519092601128871900e-01
1.518966637006829157e-01
1.518832347149918771e-01
1.518689707281305756e-01
1.518538693098487602e-01
1.518379280273186305e-01
1.518211444451250669e-01
1.518035161252568599e-01
1.517850406270994379e-01
1.517657155074281783e-01
1.517455383204034669e-01
1.517245066175664236e-01
1.517026179478360437e-01
1.516798698575078930e-01
1.516562598902533310e-01
1.516317855871206766e-01
1.516064444865372618e-01
1.515802341243129570e-01
1.515531520336451943e-01
1.515251957451247411e-01
1.514963627867435825e-01
1.514666506839038862e-01
1.514360569594282169e-01
1.514045791335715541e-01
1.513722147240345595e-01
1.513389612459782319e-01
1.513048162120405327e-01
1.512697771323539275e-01
1.512338415145650372e-01
1.511970068638556486e-01
1.511592706829651134e-01
1.511206304722150506e-01
1.510810837295348819e-01
1.510406279504895866e-01
1.509992606283091787e-01
1.509569792539194599e-01
1.509137813159752706e-01
1.508696643008947957e-01
1.508246256928960638e-01
1.507786629740351936e-01
1.507317736242467510e-01
1.506839551213855766e-01
1.506352049412707228e-01
1.505855205577313061e-01
1.505348994426546072e-01
1.504833390660356984e-01
1.504308368960293740e-01
1.503773903990040794e-01
1.503229970395979498e-01
1.502676542807769855e-01
1.502113595838950044e-01
1.501541104087564249e-01
1.500959042136806032e-01
1.500367384555687245e-01
1.499766105899727753e-01
1.499155180711670698e-01
1.498534583522215247e-01
1.497904288850780419e-01
1.497264271206284192e-01
1.496614505087952296e-01
1.495954964986150326e-01
1.495285625383238615e-01
1.494606460754450139e-01
1.493917445568799240e-01
1.493218554290012823e-01
1.492509761377482647e-01
1.491791041287250652e-01
1.491062368473018707e-01
1.490323717387180558e-01
1.489575062481887091e-01
1.488816378210132407e-01
1.488047639026873203e-01
1.487268819390172025e-01
1.486479893762370497e-01
1.485680836611289191e-01
1.484871622411459147e-01
1.484052225645379475e-01
1.483222620804805769e-01
1.482382782392068221e-01
1.481532684921419984e-01
1.480672302920415240e-01
1.479801610931317790e-01
1.478920583512541298e-01
1.478029195240120053e-01
1.477127420709213879e-01
1.477127420709213879e-01
1.476324300341636253e-01
1.475513070035013585e-01
1.474693739980265650e-01
1.473866320386600370e-01
1.473030821482250730e-01
1.472187253515216121e-01
1.471335626754004533e-01
1.470475951488378064e-01
1.469608238030100655e-01
1.468732496713688052e-01
1.467848737897160527e-01
1.466956971962795619e-01
1.466057209317884191e-01
1.465149460395490932e-01
1.464233735655211810e-01
1.463310045583935959e-01
1.462378400696611180e-01
1.461438811537006111e-01
1.460491288678477662e-01
1.459535842724740962e-01
1.458572484310635131e-01
1.457601224102895721e-01
1.456622072800926593e-01
1.455635041137572083e-01
1.454640139879891381e-01
1.453637379829931797e-01
1.452626771825507035e-01
1.451608326740971289e-01
1.450582055487997513e-01
1.449547969016355409e-01
1.448506078314688861e-01
1.447456394411295588e-01
1.446398928374905690e-01
1.445333691315460745e-01
1.444260694384896515e-01
1.443179948777918442e-01
1.442091465732785460e-01
1.440995256532086044e-01
1.439891332503523136e-01
1.438779705020689914e-01
1.437660385503851113e-01
1.436533385420720732e-01
1.435398716287242804e-01
1.434256389668369103e-01
1.433106417178836300e-01
1.431948810483943124e-01
1.430783581300328899e-01
1.429610741396746820e-01
1.428430302594839996e-01
1.427242276769914719e-01
1.426046675851714851e-01
1.424843511825192310e-01
1.423632796731279515e-01
1.422414542667656545e-01
1.421188761789521082e-01
1.419955466310355019e-01
1.418714668502689402e-01
1.417466380698868544e-01
1.416210615291811914e-01
1.414947384735777136e-01
1.413676701547113557e-01
1.412398578305025243e-01
1.411113027652322049e-01
1.409820062296173737e-01
1.408519695008862149e-01
1.407211938628529224e-01
1.405896806059923898e-01
1.404574310275145399e-01
1.403244464314387929e-01
1.401907281286678408e-01
1.400562774370615049e-01
1.399210956815100104e-01
1.397851841940073170e-01
1.396485443137240878e-01
1.395111773870802430e-01
1.393730847678172624e-01
1.392342678170707115e-01
1.390947279034412676e-01
1.389544664030668286e-01
1.388134846996932625e-01
1.386717841847455168e-01
1.385293662573978124e-01
1.383862323246443093e-01
1.382423838013682460e-01
1.380978221104119108e-01
1.379525486826456704e-01
1.378065649570365814e-01
1.376598723807167246e-01
1.375124724090515671e-01
1.373643665057070473e-01
1.372155561427172710e-01
1.370660428005509579e-01
1.369158279681780277e-01
1.367649131431356579e-01
1.366132998315937042e-01
1.364609895484199809e-01
1.363079838172447933e-01
1.361542841705254137e-01
1.359998921496097801e-01
1.359998921496098079e-01
1.358597166789741739e-01
1.357189798753232757e-01
1.355776854547263710e-01
1.354358371387165971e-01
1.352934386542700707e-01
1.351504937337838219e-01
1.350070061150519529e-01
1.348629795412406018e-01
1.347184177608613531e-01
1.345733245277431767e-01
1.344277036010029514e-01
1.342815587450144343e-01
1.341348937293762311e-01
1.339877123288774896e-01
1.338400183234630947e-01
1.336918154981967255e-01
1.335431076432228026e-01
1.333938985537268807e-01
1.332441920298948201e-01
1.330939918768702102e-01
1.329433019047107367e-01
1.327921259283427746e-01
1.326404677675148136e-01
1.324883312467493857e-01
1.323357201952937434e-01
1.321826384470688454e-01
1.320290898406171198e-01
1.318750782190490078e-01
1.317206074299877017e-01
1.315656813255130786e-01
1.314103037621036363e-01
1.312544786005776232e-01
1.310982097060324203e-01
1.309415009477827296e-01
1.307843561992975689e-01
1.306267793381355180e-01
1.304687742458791599e-01
1.303103448080676907e-01
1.301514949141286959e-01
1.299922284573079845e-01
1.298325493345992288e-01
1.296724614466707171e-01
1.295119686977923013e-01
1.293510749957604289e-01
1.291897842518217321e-01
1.290281003805958115e-01
1.288660272999963829e-01
1.287035689311513131e-01
1.285407291983219069e-01
1.283775120288197791e-01
1.282139213529240040e-01
1.280499611037958507e-01
1.278856352173929900e-01
1.277209476323823700e-01
1.275559022900517869e-01
1.273905031342203731e-01
1.272247541111482527e-01
1.270586591694443379e-01
1.268922222599737915e-01
1.267254473357638245e-01
1.265583383519086336e-01
1.263908992654732277e-01
1.262231340353960340e-01
1.260550466223907262e-01
1.258866409888465265e-01
1.257179210987280638e-01
1.255488909174737322e-01
1.253795544118930516e-01
1.252099155500634164e-01
1.250399783012253463e-01
1.248697466356771674e-01
1.246992245246684172e-01
1.245284159402925694e-01
1.243573248553784122e-01
1.241859552433811076e-01
1.240143110782717523e-01
1.238423963344262302e-01
1.236702149865134964e-01
1.234977710093823899e-01
1.233250683779481410e-01
1.231521110670775188e-01
1.229789030514738535e-01
1.228054483055604357e-01
1.226317508033636650e-01
1.224578145183952138e-01
1.222836434235334002e-01
1.221092414909039081e-01
1.219346126917597861e-01
1.217597609963603916e-01
1.215846903738500850e-01
1.214094047921359804e-01
1.212339082177649324e-01
1.210582046158001496e-01
1.208822979496968347e-01
1.207061921811773825e-01
1.205298912701059794e-01
1.203533991743624132e-01
1.201767198497155492e-01
1.199998572496960153e-01
1.199998572496960153e-01
1.198229913508550432e-01
1.196463024110707291e-01
1.194697947985856323e-01
1.192934728741977118e-01
1.191173409911604752e-01
1.189414034950844745e-01
1.187656647238394120e-01
1.185901290074573289e-01
1.184148006680366405e-01
1.182396840196473509e-01
1.180647833682370029e-01
1.178901030115379889e-01
1.177156472389756098e-01
1.175414203315773704e-01
1.173674265618831897e-01
1.171936701938571246e-01
1.170201554827996065e-01
1.168468866752613716e-01
1.166738680089582508e-01
1.165011037126872789e-01
1.163285980062439134e-01
1.161563551003405304e-01
1.159843791965261828e-01
1.158126744871076363e-01
1.156412451550714593e-01
1.154700953740077085e-01
1.152992293080349062e-01
1.151286511117260991e-01
1.149583649300364163e-01
1.147883748982320706e-01
1.146186851418206781e-01
1.144492997764827991e-01
1.142802229080053800e-01
1.141114586322160979e-01
1.139430110349193143e-01
1.137748841918337639e-01
1.136070821685314230e-01
1.134396090203780433e-01
1.132724687924749341e-01
1.131056655196028410e-01
1.129392032261666151e-01
1.127730859261421720e-01
1.126073176230245748e-01
1.124419023097777276e-01
1.122768439687859693e-01
1.121121465718069449e-01
1.119478140799263916e-01
1.117838504435144237e-01
1.116202596021833721e-01
1.114570454847477188e-01
1.112942120091850728e-01
1.111317630825996577e-01
1.109697026011867010e-01
1.108080344501990167e-01
1.106467625039154884e-01
1.104858906256106360e-01
1.103254226675267763e-01
1.101653624708473084e-01
1.100057138656721778e-01
1.098464806709947700e-01
1.096876666946812046e-01
1.095292757334507400e-01
1.093713115728586899e-01
1.092137779872805747e-01
1.090566787398986048e-01
1.089000175826896760e-01
1.087437982564156275e-01
1.085880244906149567e-01
1.084327000035966576e-01
1.082778285024360992e-01
1.081234136829723608e-01
1.079694592298080513e-01
1.078159688163106700e-01
1.076629461046159225e-01
1.075103947456331477e-01
1.073583183790527973e-01
1.072067206333553735e-01
1.070556051258228919e-01
1.069049754625519960e-01
1.067548352384691257e-01
1.066051880373478089e-01
1.064560374318277158e-01
1.063073869834358642e-01
1.061592402426096704e-01
1.060116007487224288e-01
1.058644720301101516e-01
1.057178576041010731e-01
1.055717609770466942e-01
1.054261856443552414e-01
1.052811350905267090e-01
1.051366127891905228e-01
1.049926222031446477e-01
1.048491667843973046e-01
1.047062499742101860e-01
1.045638752031440855e-01
1.044220458911066379e-01
1.042807654474017937e-01
1.041400372707815131e-01
1.039998647494996542e-01
1.039998647494996958e-01
1.038454740576840452e-01
1.036917783053303704e-01
1.035387788956118466e-01
1.033864772244766639e-01
1.032348746807502660e-01
1.030839726462380035e-01
1.029337724958285655e-01
1.027842755975976741e-01
1.026354833129128757e-01
1.024873969965383047e-01
1.023400179967407786e-01
1.021933476553956444e-01
1.020473873080939842e-01
1.019021382842496687e-01
1.017576019072074789e-01
1.016137794943515749e-01
1.014706723572145475e-01
1.013282818015867892e-01
1.011866091276267116e-01
1.010456556299713787e-01
1.009054225978473912e-01
1.007659113151826019e-01
1.006271230607181516e-01
1.004890591081211426e-01
1.003517207260973959e-01
1.002151091785051101e-01
1.000792257244689371e-01
9.994407161849411247e-02
9.980964811058141983e-02
9.967595644634247298e-02
9.954299786711538756e-02
9.941077361008092417e-02
9.927928490837897857e-02
9.914853299122541874e-02
9.901851908402957425e-02
9.888924440851179498e-02
9.876071018282149561e-02
9.863291762165576904e-02
9.850586793637794436e-02
9.837956233513686644e-02
9.825400202298635588e-02
9.812918820200498826e-02
9.800512207141627574e-02
9.788180482770911239e-02
9.775923766475841381e-02
9.763742177394632571e-02
9.751635834428355742e-02
9.739604856253082643e-02
9.727649361332094124e-02
9.715769467928085656e-02
9.703965294115410312e-02
9.692236957792342567e-02
9.680584576693372634e-02
9.669008268401500794e-02
9.657508150360587240e-02
9.646084339887707471e-02
9.634736954185499358e-02
9.623466110354590708e-02
9.612271925405975470e-02
9.601154516273474604e-02
9.590113999826141433e-02
9.579150492880750267e-02
9.568264112214265593e-02
9.557454974576302942e-02
9.546723196701661918e-02
9.536068895322813432e-02
9.525492187182423021e-02
9.514993189045886646e-02
9.504572017713860954e-02
9.494228790034825449e-02
9.483963622917605807e-02
9.473776633343961029e-02
9.463667938381130351e-02
9.453637655194405132e-02
9.443685901059693799e-02
9.433812793376095129e-02
9.424018449678472908e-02
9.414302987650015331e-02
9.404666525134822153e-02
9.395109180150455763e-02
9.385631070900510298e-02
9.376232315787184912e-02
9.366913033423808488e-02
9.357673342647426784e-02
9.348513362531292448e-02
9.339433212397456330e-02
9.330433011829242229e-02
9.321512880683766045e-02
9.312672939104472969e-02
9.303913307533574761e-02
9.295234106724549472e-02
9.286635457754603695e-02
9.278117482037097352e-02
9.269680301333997618e-02
9.261324037768252360e-02
9.253048813836196873e-02
9.244854752419942590e-02
9.236741976799676956e-02
9.228710610666021608e-02
9.228710610666022995e-02
9.219693378628955605e-02
9.210780991446539112e-02
9.201973129865360923e-02
9.193269476042326138e-02
9.184669713551107950e-02
9.176173527388353790e-02
9.167780603979498733e-02
9.159490631184315224e-02
9.151303298302138067e-02
9.143218296076746632e-02
9.135235316700995867e-02
9.127354053821105928e-02
9.119574202540681185e-02
9.111895459424405874e-02
9.104317522501483018e-02
9.096840091268772188e-02
9.089462866693621967e-02
9.082185551216483133e-02
9.075007848753173512e-02
9.067929464696929120e-02
9.060950105920152764e-02
9.054069480775921164e-02
9.047287299099189550e-02
9.040603272207807517e-02
9.034017112903212909e-02
9.027528535470902282e-02
9.021137255680661271e-02
9.014842990786543775e-02
9.008645459526579136e-02
9.002544382122308619e-02
8.996539480278016587e-02
8.990630477179774316e-02
8.984817097494228466e-02
8.979099067367189713e-02
8.973476114421981287e-02
8.967947967757554373e-02
8.962514357946436971e-02
8.957175017032407982e-02
8.951929678528013079e-02
8.946778077411818297e-02
8.941719950125522065e-02
8.936755034570821599e-02
8.931883070106093336e-02
8.927103797542866592e-02
8.922416959142148718e-02
8.917822298610471321e-02
8.913319561095868482e-02
8.908908493183552435e-02
8.904588842891479616e-02
8.900360359665734911e-02
8.896222794375696630e-02
8.892175899309075204e-02
8.888219428166735381e-02
8.884353136057410172e-02
8.880576779492173334e-02
8.876890116378811924e-02
8.873292906016014281e-02
8.869784909087378988e-02
8.866365887655312805e-02
8.863035605154741259e-02
8.859793826386661020e-02
8.856640317511592364e-02
8.853574846042826241e-02
8.850597180839570033e-02
8.847707092099932336e-02
8.844904351353773120e-02
8.842188731455417894e-02
8.839560006576234474e-02
8.837017952197094572e-02
8.834562345100667458e-02
8.832192963363640070e-02
8.829909586348742845e-02
8.827711994696728348e-02
8.825599970318177834e-02
8.823573296385199549e-02
8.821631757323020184e-02
8.819775138801454195e-02
8.818003227726257942e-02
8.816315812230378357e-02
8.814712681665105853e-02
8.813193626591096785e-02
8.811758438769291824e-02
8.810406911151776044e-02
8.809138837872466932e-02
8.807954014237771856e-02
8.806852236717116478e-02
8.805833302933359363e-02
8.804897011653174677e-02
8.804043162777280829e-02
8.803271557330616393e-02
8.802581997452417484e-02
8.801974286386214652e-02
8.801448228469753443e-02
8.801003629124794225e-02
8.800640294846916178e-02
8.800358033195128382e-02
8.800156652781521149e-02
8.800035963260756378e-02
8.799995775319532920e-02
8.799995775319531532e-02
8.800050266451503456e-02
8.800213282186102048e-02
8.800484137426825559e-02
8.800862148907585836e-02
8.801346635155070375e-02
8.801936916451046089e-02
8.802632314794724133e-02
8.803432153865152487e-02
8.804335758983608540e-02
8.805342457076083262e-02
8.806451576635807021e-02
8.807662447685830898e-02
8.808974401741698212e-02
8.810386771774192383e-02
8.811898892172180531e-02
8.813510098705554241e-02
8.815219728488278561e-02
8.817027119941571456e-02
8.818931612757173466e-02
8.820932547860797779e-02
8.823029267375691320e-02
8.825221114586319360e-02
8.827507433902288814e-02
8.829887570822325671e-02
8.832360871898493893e-02
8.834926684700569743e-02
8.837584357780603472e-02
8.840333240637651691e-02
8.843172683682717916e-02
8.846102038203909612e-02
8.849120656331768697e-02
8.852227891004849081e-02
8.855423095935469058e-02
8.858705625575766240e-02
8.862074835083876001e-02
8.865530080290449921e-02
8.869070717665339387e-02
8.872696104284562291e-02
8.876405597797522307e-02
8.880198556394457154e-02
8.884074338774178292e-02
8.888032304112043758e-02
8.892071812028244648e-02
8.896192222556319196e-02
8.900392896111973540e-02
8.904673193462173120e-02
8.909032475694526887e-02
8.913470104186943521e-02
8.917985440577642919e-02
8.922577846735352258e-02
8.927246684729911452e-02
8.931991316803154779e-02
8.936811105340040917e-02
8.941705412840171563e-02
8.946673601889586214e-02
8.951715035132874754e-02
8.956829075245621719e-02
8.962015084907155871e-02
8.967272426773646721e-02
8.972600463451499420e-02
8.977998557471110475e-02
8.983466071260935715e-02
8.989002367121905201e-02
8.994606807202150389e-02
9.000278753472117088e-02
9.006017567699949045e-02
9.011822611427283691e-02
9.017693245945354596e-02
9.023628832271429756e-02
9.029628731125638463e-02
9.035692302908099327e-02
9.041818907676422989e-02
9.048007905123565953e-02
9.054258654556027186e-02
9.060570514872402781e-02
9.066942844542295876e-02
9.073375001585565203e-02
9.079866343551958041e-02
9.086416227501074860e-02
9.093024009982687839e-02
9.099689047017442411e-02
9.106410694077883561e-02
9.113188306069876232e-02
9.120021237314343554e-02
9.126908841529372818e-02
9.133850471812726690e-02
9.140845480624618102e-02
9.147893219770958373e-02
9.154993040386852354e-02
9.162144292920512689e-02
9.169346327117539053e-02
9.176598492005506869e-02
9.183900135878947379e-02
9.191250606284673275e-02
9.198649250007445710e-02
9.206095413056025745e-02
9.213588440649547739e-02
9.221127677204248030e-02
9.228712466320561358e-02
9.228712466320561358e-02
9.238661148671244161e-02
9.248678432213792988e-02
9.258763430946771733e-02
9.268915257183420187e-02
9.279133021523398861e-02
9.289415832825459463e-02
9.299762798180903622e-02
9.310173022887985317e-02
9.320645610427097383e-02
9.331179662436861477e-02
9.341774278691039601e-02
9.352428557076328253e-02
9.363141593570961652e-02
9.373912482224183718e-02
9.384740315136529121e-02
9.395624182440977246e-02
9.406563172284883312e-02
9.417556370812789346e-02
9.428602862149999819e-02
9.439701728387032975e-02
9.450852049564799351e-02
9.462052903660667091e-02
9.473303366575280826e-02
9.484602512120178519e-02
9.495949412006197965e-02
9.507343135832682646e-02
9.518782751077403681e-02
9.530267323087354692e-02
9.541795915070187817e-02
9.553367588086510154e-02
9.564981401042851883e-02
9.576636410685417100e-02
9.588331671594581274e-02
9.600066236180067325e-02
9.611839154676898866e-02
9.623649475142008469e-02
9.635496243451632803e-02
9.647378503299298969e-02
9.659295296194607416e-02
9.671245661462614385e-02
9.683228636243951248e-02
9.695243255495558654e-02
9.707288551992118708e-02
9.719363556328103337e-02
9.731467296920506826e-02
9.743598800012143180e-02
9.755757089675652638e-02
9.767941187818038329e-02
9.780150114185875987e-02
9.792382886371071848e-02
9.804638519817250597e-02
9.816916027826667890e-02
9.829214421567751547e-02
9.841532710083163160e-02
9.853869900298416196e-02
9.866224997031033950e-02
9.878597003000262611e-02
9.890984918837270046e-02
9.903387743095859452e-02
9.915804472263720082e-02
9.928234100774134541e-02
9.940675621018163488e-02
9.953128023357334098e-02
9.965590296136767057e-02
9.978061425698755982e-02
9.990540396396785372e-02
1.000302619060998571e-01
1.001551778875802295e-01
1.002801416931634049e-01
1.004051430883190349e-01
1.005301718193920696e-01
1.006552176137677640e-01
1.007802701800394746e-01
1.009053192081808409e-01
1.010303543697204237e-01
1.011553653179211171e-01
1.012803416879611562e-01
1.014052730971199273e-01
1.015301491449653176e-01
1.016549594135454232e-01
1.017796934675819220e-01
1.019043408546668888e-01
1.020288911054619413e-01
1.021533337339002590e-01
1.022776582373904203e-01
1.024018540970231678e-01
1.025259107777800327e-01
1.026498177287441665e-01
1.027735643833133511e-01
1.028971401594144519e-01
1.030205344597203837e-01
1.031437366718679777e-01
1.032667361686780971e-01
1.033895223083769882e-01
1.035120844348190045e-01
1.036344118777105805e-01
1.037564939528357044e-01
1.038783199622821535e-01
1.039998791946689788e-01
1.039998791946689927e-01
1.042920236993384042e-01
1.045821636545786193e-01
1.048702766541920461e-01
1.051563403705520205e-01
1.054403325554678916e-01
1.057222310410038113e-01
1.060020137402519491e-01
1.062796586480607569e-01
1.065551438417184499e-01
1.068284474815920648e-01
1.070995478117233723e-01
1.073684231603808104e-01
1.076350519405694373e-01
1.078994126504985718e-01
1.081614838740076329e-01
1.084212442809519145e-01
1.086786726275470044e-01
1.089337477566748175e-01
1.091864485981497573e-01
1.094367541689473672e-01
1.096846435733951491e-01
1.099300960033269964e-01
1.101730907382013347e-01
1.104136071451844586e-01
1.106516246791997143e-01
1.108871228829426403e-01
1.111200813868642584e-01
1.113504799091221548e-01
1.115782982555011682e-01
1.118035163193040055e-01
1.120261140812130601e-01
1.122460716091245037e-01
1.124633690579555645e-01
1.126779866694254811e-01
1.128899047718122245e-01
1.130991037796854753e-01
1.133055641936166064e-01
1.135092665998676392e-01
1.137101916700597043e-01
1.139083201608221407e-01
1.141036329134241106e-01
1.142961108533889769e-01
1.144857349900933186e-01
1.146724864163521790e-01
1.148563463079902564e-01
1.150372959234027548e-01
1.152153166031048698e-01
1.153903897692727110e-01
1.155624969252767031e-01
1.157316196552086313e-01
1.158977396234039253e-01
1.160608385739606702e-01
1.162208983302565335e-01
1.163779007944655969e-01
1.165318279470761859e-01
1.166826618464112814e-01
1.168303846281533720e-01
1.169749785048747465e-01
1.171164257655755991e-01
1.172547087752308509e-01
1.173898099743479334e-01
1.175217118785366333e-01
1.176503970780931468e-01
1.177758482376000393e-01
1.178980480955434951e-01
1.180169794639497338e-01
1.181326252280428951e-01
1.182449683459257245e-01
1.183539918482845871e-01
1.184596788381211963e-01
1.185620124905133327e-01
1.186609760524053037e-01
1.187565528424305988e-01
1.188487262507694903e-01
1.189374797390422012e-01
1.190227968402405023e-01
1.191046611586995818e-01
1.191830563701120754e-01
1.192579662215865755e-01
1.193293745317524912e-01
1.193972651909133292e-01
1.194616221612509049e-01
1.195224294770822621e-01
1.195796712451717148e-01
1.196333316450997469e-01
1.196833949296919053e-01
1.197298454255092404e-01
1.197726675334025298e-01
1.198118457291328515e-01
1.198473645640611152e-01
1.198792086659081074e-01
1.199073627395881581e-01
1.199318115681183988e-01
1.199525400136062930e-01
1.199695330183174063e-01
1.199827756058268607e-01
1.199922528822555817e-01
1.199979500375950026e-01
1.199998523471221268e-01
