3.200000000000008393e-02 1.200000000000005507e-01
3.200037655013839022e-02 1.200019341648061455e-01
3.200147403347975567e-02 1.200077236102211342e-01
3.200324412508441518e-02 1.200173488237348818e-01
3.200563840284168654e-02 1.200307903733446591e-01
3.200860834980419345e-02 1.200480289064621287e-01
3.201210535642633193e-02 1.200690451487328586e-01
3.201608072271232980e-02 1.200938199027724862e-01
3.202048566027983906e-02 1.201223340468217937e-01
3.202527129434442482e-02 1.201545685333243463e-01
3.203038866563037018e-02 1.201905043874296475e-01
3.203578873221282763e-02 1.202301227054243249e-01
3.204142237129666004e-02 1.202734046530948009e-01
3.204724038093661326e-02 1.203203314640239330e-01
3.205319348170369148e-02 1.203708844378245935e-01
3.205923231830244691e-02 1.204250449383128113e-01
3.206530746114361757e-02 1.204827943916235156e-01
3.207136940787640167e-02 1.205441142842711144e-01
3.207736858488484388e-02 1.206089861611579772e-01
3.208325534875226814e-02 1.206773916235331506e-01
3.208897998769773274e-02 1.207493123269040430e-01
3.209449272298862260e-02 1.208247299789032836e-01
3.209974371033286894e-02 1.209036263371137954e-01
3.210468304125457112e-02 1.209859832068539837e-01
3.210926074445658029e-02 1.210717824389256209e-01
3.211342678717338250e-02 1.211610059273269258e-01
3.211713107651772980e-02 1.212536356069330024e-01
3.212032346082403095e-02 1.213496534511461361e-01
3.212295373099182533e-02 1.214490414695175990e-01
3.212497162183220595e-02 1.215517817053443084e-01
3.212632681342020291e-02 1.216578562332412544e-01
3.212696893245577806e-02 1.217672471566925846e-01
3.212684755363644229e-02 1.218799366055836053e-01
3.212591220104379225e-02 1.219959067337149927e-01
3.212411234954685307e-02 1.221151397163020152e-01
3.212139742622434346e-02 1.222376177474604336e-01
3.211771681180856236e-02 1.223633230376811182e-01
3.211301984215297889e-02 1.224922378112952848e-01
3.210725580972585008e-02 1.226243443039321812e-01
3.210037396513194807e-02 1.227596247599715001e-01
3.209232351866458249e-02 1.228980614299917257e-01
3.208305364188975689e-02 1.230396365682169119e-01
3.207251346926452695e-02 1.231843324299628784e-01
3.206065209979135078e-02 1.233321312690854599e-01
3.204741859871027693e-02 1.234830153354319338e-01
3.203276199923067030e-02 1.236369668722974435e-01
3.201663130430424525e-02 1.237939681138880699e-01
3.199897548844082840e-02 1.239540012827923532e-01
3.197974349956868995e-02 1.241170485874626417e-01
3.195888426094076196e-02 1.242830922197079718e-01
3.193634667308823533e-02 1.244521143521998552e-01
3.191207961582302743e-02 1.246240971359928867e-01
3.188603195029046655e-02 1.247990226980610073e-01
3.185815252107336570e-02 1.249768731388515297e-01
3.182839015834912355e-02 1.251576305298579550e-01
3.179669368010059477e-02 1.253412769112132175e-01
3.176301189438244382e-02 1.255277942893043286e-01
3.172729360164376622e-02 1.257171646344104610e-01
3.168948759710834423e-02 1.259093698783649018e-01
3.164954267321351544e-02 1.261043919122431245e-01
3.160740762210874355e-02 1.263022125840772836e-01
3.156303123821506407e-02 1.265028136965992422e-01
3.151636232084618905e-02 1.267061770050126879e-01
3.146734967689251983e-02 1.269122842147958063e-01
3.141594212356883797e-02 1.271211169795355977e-01
3.136208849122675002e-02 1.273326568987952212e-01
3.130573762623281575e-02 1.275468855160149795e-01
3.124683839391324131e-02 1.277637843164484144e-01
3.118533968156597322e-02 1.279833347251342068e-01
3.112119040154132793e-02 1.282055181049056303e-01
3.105433949439179164e-02 1.284303157544374463e-01
3.098473593209195853e-02 1.286577089063322410e-01
3.091232872132954751e-02 1.288876787252467015e-01
3.083706690686825388e-02 1.291202063060583882e-01
3.075889957498333105e-02 1.293552726720748336e-01
3.067777585697088749e-02 1.295928587732849135e-01
3.059364493273150284e-02 1.298329454846537945e-01
3.050645603442931134e-02 1.300755136044623450e-01
3.041615845022724654e-02 1.303205438526912896e-01
3.032270152809933908e-02 1.305680168694516585e-01
3.022603467972104913e-02 1.308179132134615064e-01
3.012610738443843514e-02 1.310702133605701480e-01
3.002286919331706785e-02 1.313248977023302455e-01
2.991626973327165748e-02 1.315819465446187719e-01
2.980625871127725798e-02 1.318413401063069923e-01
2.969278591866309977e-02 1.321030585179806816e-01
2.957580123548988679e-02 1.323670818207106359e-01
2.945525463501161637e-02 1.326333899648743653e-01
2.933109618822292430e-02 1.329019628090293004e-01
2.920327606849291990e-02 1.331727801188381799e-01
2.907174455628667997e-02 1.334458215660472291e-01
2.893645204397531784e-02 1.337210667275168796e-01
2.879734904073582083e-02 1.339984950843066125e-01
2.865438617754181502e-02 1.342780860208133420e-01
2.850751421224628421e-02 1.345598188239642556e-01
2.835668403475754065e-02 1.348436726824640830e-01
2.820184667230961340e-02 1.351296266860977924e-01
2.804295329482830307e-02 1.354176598250880770e-01
2.787995522039422511e-02 1.357077509895089074e-01
2.771280392080398974e-02 1.359998789687545118e-01
2.771280392080398974e-02 1.359998789687544563e-01
2.764226830774290863e-02 1.361214307990887828e-01
2.757086544467197281e-02 1.362432352093052856e-01
2.749859176354725945e-02 1.363652823849527684e-01
2.742544370795907058e-02 1.364875625070192666e-01
2.735141773312350574e-02 1.366100657520602224e-01
2.727651030586851488e-02 1.367327822923296576e-01
2.720071790461430980e-02 1.368557022959130953e-01
2.712403701934820374e-02 1.369788159268629513e-01
2.704646415159389292e-02 1.371021133453358964e-01
2.696799581437500995e-02 1.372255847077323843e-01
2.688862853217303950e-02 1.373492201668379264e-01
2.680835884087964457e-02 1.374730098719663118e-01
2.672718328774313298e-02 1.375969439691046015e-01
2.664509843130934488e-02 1.377210126010596780e-01
2.656210084135678454e-02 1.378452059076067104e-01
2.647818709882596155e-02 1.379695140256383956e-01
2.639335379574304918e-02 1.380939270893165316e-01
2.630759753513777291e-02 1.382184352302241181e-01
2.622091493095550160e-02 1.383430285775191504e-01
2.613330260796360022e-02 1.384676972580892451e-01
2.604475720165201277e-02 1.385924313967074883e-01
2.595527535812805833e-02 1.387172211161892821e-01
2.586485373400544338e-02 1.388420565375498017e-01
2.577348899628756004e-02 1.389669277801624525e-01
2.568117782224491399e-02 1.390918249619177149e-01
2.558791689928691451e-02 1.392167381993830444e-01
2.549370292482779077e-02 1.393416576079627434e-01
2.539853260614684943e-02 1.394665733020585274e-01
2.530240266024297302e-02 1.395914753952303689e-01
2.520530981368337628e-02 1.397163540003573123e-01
2.510725080244667617e-02 1.398411992297988182e-01
2.500822237176030666e-02 1.399660011955557726e-01
2.490822127593217070e-02 1.400907500094316360e-01
2.480724427817678629e-02 1.402154357831931764e-01
2.470528815043567666e-02 1.403400486287312843e-01
2.460234967319221977e-02 1.404645786582212896e-01
2.449842563528097789e-02 1.405890159842827503e-01
2.439351283369138243e-02 1.407133507201387690e-01
2.428760807336599950e-02 1.408375729797748110e-01
2.418070816699328940e-02 1.409616728780966888e-01
2.407280993479493300e-02 1.410856405310875750e-01
2.396391020430772151e-02 1.412094660559645998e-01
2.385400581016022120e-02 1.413331395713339766e-01
2.374309359384391485e-02 1.414566511973451290e-01
2.363117040347928466e-02 1.415799910558442065e-01
2.351823309357654185e-02 1.417031492705253803e-01
2.340427852479125270e-02 1.418261159670815841e-01
2.328930356367478471e-02 1.419488812733536165e-01
2.317330508241978101e-02 1.420714353194774404e-01
2.305627995860055554e-02 1.421937682380303436e-01
2.293822507490856505e-02 1.423158701641749346e-01
2.281913731888298921e-02 1.424377312358017789e-01
2.269901358263656105e-02 1.425593415936698416e-01
2.257785076257651929e-02 1.426806913815451550e-01
2.245564575912101582e-02 1.428017707463374308e-01
2.233239547641080805e-02 1.429225698382344811e-01
2.220809682201648275e-02 1.430430788108346396e-01
2.208274670664121461e-02 1.431632878212765470e-01
2.195634204381909441e-02 1.432831870303669930e-01
2.182887974960924168e-02 1.434027666027059278e-01
2.170035674228567441e-02 1.435220167068092245e-01
2.157076994202304296e-02 1.436409275152288056e-01
2.144011627057834310e-02 1.437594892046699380e-01
2.130839265096870494e-02 1.438776919561058354e-01
2.117559600714535861e-02 1.439955259548898192e-01
2.104172326366378354e-02 1.441129813908637314e-01
2.090677134535029805e-02 1.442300484584642384e-01
2.077073717696509281e-02 1.443467173568255546e-01
2.063361768286181216e-02 1.444629782898794179e-01
2.049540978664381174e-02 1.445788214664514293e-01
2.035611041081726233e-02 1.446942371003545336e-01
2.021571647644108613e-02 1.448092154104789753e-01
2.007422490277400648e-02 1.449237466208790626e-01
1.993163260691870053e-02 1.450378209608561286e-01
1.978793650346317642e-02 1.451514286650383012e-01
1.964313350411968362e-02 1.452645599734566917e-01
1.949722051736100387e-02 1.453772051316175595e-01
1.935019444805454597e-02 1.454893543905712849e-01
1.920205219709412992e-02 1.456009980069772336e-01
1.905279066102976565e-02 1.457121262431649300e-01
1.890240673169553756e-02 1.458227293671914282e-01
1.875089729583566400e-02 1.459327976528945747e-01
1.859825923472896089e-02 1.460423213799424969e-01
1.844448942381185161e-02 1.461512908338789274e-01
1.828958473230003767e-02 1.462596963061645328e-01
1.813354202280899330e-02 1.463675280942140500e-01
1.797635815097356135e-02 1.464747765014293712e-01
1.781802996506657785e-02 1.465814318372282432e-01
1.765855430561693445e-02 1.466874844170688863e-01
1.749792800502713783e-02 1.467929245624703671e-01
1.733614788719051170e-02 1.468977426010281417e-01
1.717321076710829134e-02 1.470019288664261570e-01
1.700911345050677009e-02 1.471054736984432898e-01
1.684385273345461939e-02 1.472083674429568723e-01
1.667742540198069792e-02 1.473106004519403045e-01
1.650982823169241595e-02 1.474121630834570318e-01
1.634105798739491841e-02 1.475130457016497754e-01
1.617111142271124638e-02 1.476132386767250171e-01
1.599998527970375103e-02 1.477127323849334872e-01
1.599998527970374756e-02 1.477127323849334872e-01
1.586786619549321667e-02 1.477885805416891962e-01
1.573503747520272472e-02 1.478639737396773290e-01
1.560150260058992475e-02 1.479389054640807277e-01
1.546726504934677754e-02 1.480133692025810688e-01
1.533232829495916397e-02 1.480873584453525627e-01
1.519669580656687370e-02 1.481608666850531275e-01
1.506037104882403804e-02 1.482338874168150356e-01
1.492335748176003632e-02 1.483064141382327283e-01
1.478565856064096261e-02 1.483784403493499937e-01
1.464727773583177593e-02 1.484499595526448390e-01
1.450821845265910445e-02 1.485209652530126989e-01
1.436848415127486671e-02 1.485914509577484222e-01
1.422807826652073941e-02 1.486614101765261486e-01
1.408700422779353596e-02 1.487308364213774103e-01
1.394526545891159805e-02 1.487997232066680664e-01
1.380286537798224890e-02 1.488680640490728790e-01
1.365980739727040011e-02 1.489358524675490070e-01
1.351609492306835719e-02 1.490030819833072506e-01
1.337173135556691921e-02 1.490697461197821039e-01
1.322672008872786097e-02 1.491358384025995854e-01
1.308106451015781345e-02 1.492013523595438762e-01
1.293476800098368115e-02 1.492662815205218763e-01
1.278783393572965367e-02 1.493306194175261781e-01
1.264026568219581668e-02 1.493943595845965699e-01
1.249206660133858789e-02 1.494574955577795128e-01
1.234324004715285292e-02 1.495200208750860627e-01
1.219378936655607717e-02 1.495819290764483500e-01
1.204371789927431539e-02 1.496432137036738663e-01
1.189302897773024913e-02 1.497038683003988069e-01
1.174172592693339609e-02 1.497638864120390267e-01
1.158981206437238558e-02 1.498232615857398864e-01
1.143729069990960870e-02 1.498819873703240435e-01
1.128416513567812030e-02 1.499400573162382733e-01
1.113043866598095732e-02 1.499974649754978739e-01
1.097611457719297606e-02 1.500542039016300733e-01
1.082119614766519945e-02 1.501102676496155752e-01
1.066568664763181337e-02 1.501656497758285524e-01
1.050958933911987601e-02 1.502203438379752787e-01
1.035290747586179588e-02 1.502743433950309848e-01
1.019564430321067902e-02 1.503276420071753827e-01
1.003780305805858711e-02 1.503802332357265237e-01
9.879386968757831317e-03 1.504321106430733801e-01
9.720399255045315823e-03 1.504832677926067896e-01
9.560843127970073199e-03 1.505336982486489839e-01
9.400721789824005581e-03 1.505833955763817567e-01
9.240038434075930479e-03 1.506323533417732174e-01
9.078796245309054408e-03 1.506805651115033784e-01
8.916998399161836161e-03 1.507280244528878821e-01
8.754648062272428824e-03 1.507747249338008688e-01
8.591748392226723069e-03 1.508206601225965393e-01
8.428302537510066333e-03 1.508658235880290244e-01
8.264313637462715120e-03 1.509102088991716439e-01
8.099784822239176549e-03 1.509538096253344175e-01
7.934719212771380176e-03 1.509966193359806863e-01
7.769119920735894323e-03 1.510386316006427088e-01
7.602990048525156558e-03 1.510798399888355070e-01
7.436332689222841484e-03 1.511202380699706582e-01
7.269150926583430039e-03 1.511598194132681150e-01
7.101447835016051410e-03 1.511985775876676374e-01
6.933226479572675641e-03 1.512365061617388373e-01
6.764489915940710696e-03 1.512735987035905283e-01
6.595241190440115017e-03 1.513098487807792436e-01
6.425483340025066326e-03 1.513452499602167822e-01
6.255219392290250861e-03 1.513797958080768669e-01
6.084452365481896226e-03 1.514134798897013856e-01
5.913185268513548691e-03 1.514462957695054957e-01
5.741421100986740696e-03 1.514782370108823384e-01
5.569162853216555464e-03 1.515092971761069218e-01
5.396413506262202377e-03 1.515394698262398365e-01
5.223176031962642116e-03 1.515687485210298890e-01
5.049453392977381293e-03 1.515971268188165966e-01
4.875248542832437415e-03 1.516245982764323763e-01
4.700564425971608638e-03 1.516511564491038466e-01
4.525403977813081263e-03 1.516767948903535446e-01
4.349770124811437426e-03 1.517015071519005609e-01
4.173665784525189618e-03 1.517252867835616192e-01
3.997093865689815145e-03 1.517481273331518776e-01
3.820057268296465740e-03 1.517700223463852027e-01
3.642558883676326725e-03 1.517909653667750824e-01
3.464601594590751947e-03 1.518109499355350112e-01
3.286188275327226946e-03 1.518299695914792913e-01
3.107321791801212398e-03 1.518480178709238348e-01
2.928005001663947643e-03 1.518650883075872704e-01
2.748240754416284969e-03 1.518811744324922997e-01
2.568031891528611485e-03 1.518962697738673873e-01
2.387381246566906267e-03 1.519103678570490334e-01
2.206291645325054226e-03 1.519234622043842131e-01
2.024765905963400638e-03 1.519355463351338420e-01
1.842806839153687077e-03 1.519466137653763815e-01
1.660417248230371774e-03 1.519566580079124984e-01
1.477599929348441966e-03 1.519656725721705848e-01
1.294357671647739481e-03 1.519736509641128053e-01
1.110693257423903645e-03 1.519805866861422272e-01
9.266094623059730221e-04 1.519864732370112825e-01
7.421090554406738812e-04 1.519913041117309238e-01
5.571947996835384690e-04 1.519950728014810293e-01
3.718694517968008581e-04 1.519977727935225009e-01
1.861357626542442880e-04 1.519993975711100564e-01
-3.522547007987427920e-09 1.519999406134071585e-01
-3.522546998099508987e-09 1.519999406134071585e-01
-1.572319394970579762e-04 1.519995431819839427e-01
-3.147277528254191882e-04 1.519983492947459824e-01
-4.724854272978824886e-04 1.519963565605393641e-01
-6.304994315804674041e-04 1.519935625859218375e-01
-7.887642381390721135e-04 1.519899649751381698e-01
-9.472743231371803276e-04 1.519855613300960806e-01
-1.106024166331619207e-03 1.519803492503434272e-01
-1.265008250966373742e-03 1.519743263330458616e-01
-1.424221063664453954e-03 1.519674901729654581e-01
-1.583657094317830923e-03 1.519598383624402027e-01
-1.743310835975430025e-03 1.519513684913643692e-01
-1.903176784729202538e-03 1.519420781471697568e-01
-2.063249439598268883e-03 1.519319649148079543e-01
-2.223523302411144122e-03 1.519210263767333258e-01
-2.383992877686049849e-03 1.519092601128871900e-01
-2.544652672509319178e-03 1.518966637006829157e-01
-2.705497196411902217e-03 1.518832347149918771e-01
-2.866520961243978951e-03 1.518689707281305756e-01
-3.027718481047681279e-03 1.518538693098487602e-01
-3.189084271927943286e-03 1.518379280273186305e-01
-3.350612851921477581e-03 1.518211444451250669e-01
-3.512298740863891572e-03 1.518035161252568599e-01
-3.674136460254946723e-03 1.517850406270994379e-01
-3.836120533121985081e-03 1.517657155074281783e-01
-3.998245483881508744e-03 1.517455383204034669e-01
-4.160505838198946989e-03 1.517245066175664236e-01
-4.322896122846608437e-03 1.517026179478360437e-01
-4.485410865559825641e-03 1.516798698575078930e-01
-4.648044594891316376e-03 1.516562598902533310e-01
-4.810791840063767706e-03 1.516317855871206766e-01
-4.973647130820651498e-03 1.516064444865372618e-01
-5.136604997275281796e-03 1.515802341243129570e-01
-5.299659969758147016e-03 1.515531520336451943e-01
-5.462806578662504804e-03 1.515251957451247411e-01
-5.626039354288268207e-03 1.514963627867435825e-01
-5.789352826684198740e-03 1.514666506839038862e-01
-5.952741525488409839e-03 1.514360569594282169e-01
-6.116199979767214523e-03 1.514045791335715541e-01
-6.279722717852324193e-03 1.513722147240345595e-01
-6.443304267176389911e-03 1.513389612459782319e-01
-6.606939154106965077e-03 1.513048162120405327e-01
-6.770621903778842668e-03 1.512697771323539275e-01
-6.934347039924817352e-03 1.512338415145650372e-01
-7.098109084704895023e-03 1.511970068638556486e-01
-7.261902558533942821e-03 1.511592706829651134e-01
-7.425721979907832539e-03 1.511206304722150506e-01
-7.589561865228067021e-03 1.510810837295348819e-01
-7.753416728624937249e-03 1.510406279504895866e-01
-7.917281081779197968e-03 1.509992606283091787e-01
-8.081149433742320851e-03 1.509569792539194599e-01
-8.245016290755328645e-03 1.509137813159752706e-01
-8.408876156066226806e-03 1.508696643008947957e-01
-8.572723529746046484e-03 1.508246256928960638e-01
-8.736552908503581252e-03 1.507786629740351936e-01
-8.900358785498763831e-03 1.507317736242467510e-01
-9.064135650154745219e-03 1.506839551213855766e-01
-9.227877987968723106e-03 1.506352049412707228e-01
-9.391580280321500454e-03 1.505855205577313061e-01
-9.555237004285817640e-03 1.505348994426546072e-01
-9.718842632433518855e-03 1.504833390660356984e-01
-9.882391632641512880e-03 1.504308368960293740e-01
-1.004587846789662189e-02 1.503773903990040794e-01
-1.020929759609932007e-02 1.503229970395979498e-01
-1.037264346986635499e-02 1.502676542807769855e-01
-1.053591053633236817e-02 1.502113595838950044e-01
-1.069909323695045385e-02 1.501541104087564249e-01
-1.086218600729175511e-02 1.500959042136806032e-01
-1.102518327684407114e-02 1.500367384555687245e-01
-1.118807946880957804e-02 1.499766105899727753e-01
-1.135086899990160776e-02 1.499155180711670698e-01
-1.151354628014060813e-02 1.498534583522215247e-01
-1.167610571264926685e-02 1.497904288850780419e-01
-1.183854169344681143e-02 1.497264271206284192e-01
-1.200084861124259446e-02 1.496614505087952296e-01
-1.216302084722894160e-02 1.495954964986150326e-01
-1.232505277487331782e-02 1.495285625383238615e-01
-1.248693875970982928e-02 1.494606460754450139e-01
-1.264867315913013532e-02 1.493917445568799240e-01
-1.281025032217378984e-02 1.493218554290012823e-01
-1.297166458931804656e-02 1.492509761377482647e-01
-1.313291029226714389e-02 1.491791041287250652e-01
-1.329398175374119952e-02 1.491062368473018707e-01
-1.345487328726462269e-02 1.490323717387180558e-01
-1.361557919695422295e-02 1.489575062481887091e-01
-1.377609377730692336e-02 1.488816378210132407e-01
-1.393641131298725688e-02 1.488047639026873203e-01
-1.409652607861457650e-02 1.487268819390172025e-01
-1.425643233855008497e-02 1.486479893762370497e-01
-1.441612434668369108e-02 1.485680836611289191e-01
-1.457559634622081733e-02 1.484871622411459147e-01
-1.473484256946908273e-02 1.484052225645379475e-01
-1.489385723762499253e-02 1.483222620804805769e-01
-1.505263456056070773e-02 1.482382782392068221e-01
-1.521116873661080941e-02 1.481532684921419984e-01
-1.536945395235929553e-02 1.480672302920415240e-01
-1.552748438242667652e-02 1.479801610931317790e-01
-1.568525418925736242e-02 1.478920583512541298e-01
-1.584275752290729630e-02 1.478029195240120053e-01
-1.599998852083194673e-02 1.477127420709213879e-01
-1.599998852083195366e-02 1.477127420709213879e-01
-1.613827322671979037e-02 1.476324300341636253e-01
-1.627632074552177316e-02 1.475513070035013585e-01
-1.641412597172384885e-02 1.474693739980265650e-01
-1.655168379337157783e-02 1.473866320386600370e-01
-1.668898909202495492e-02 1.473030821482250730e-01
-1.682603674271450356e-02 1.472187253515216121e-01
-1.696282161389861542e-02 1.471335626754004533e-01
-1.709933856742223285e-02 1.470475951488378064e-01
-1.723558245847673503e-02 1.469608238030100655e-01
-1.737154813556121558e-02 1.468732496713688052e-01
-1.750723044044498813e-02 1.467848737897160527e-01
-1.764262420813140012e-02 1.466956971962795619e-01
-1.777772426682302023e-02 1.466057209317884191e-01
-1.791252543788804039e-02 1.465149460395490932e-01
-1.804702253582807919e-02 1.464233735655211810e-01
-1.818121036824727962e-02 1.463310045583935959e-01
-1.831508373582271462e-02 1.462378400696611180e-01
-1.844863743227617009e-02 1.461438811537006111e-01
-1.858186624434720116e-02 1.460491288678477662e-01
-1.871476495176761443e-02 1.459535842724740962e-01
-1.884732832723720955e-02 1.458572484310635131e-01
-1.897955113640092603e-02 1.457601224102895721e-01
-1.911142813782731528e-02 1.456622072800926593e-01
-1.924295408298837620e-02 1.455635041137572083e-01
-1.937412371624078547e-02 1.454640139879891381e-01
-1.950493177480840112e-02 1.453637379829931797e-01
-1.963537298876625800e-02 1.452626771825507035e-01
-1.976544208102580524e-02 1.451608326740971289e-01
-1.989513376732163913e-02 1.450582055487997513e-01
-2.002444275619949532e-02 1.449547969016355409e-01
-2.015336374900575031e-02 1.448506078314688861e-01
-2.028189143987817189e-02 1.447456394411295588e-01
-2.041002051573815798e-02 1.446398928374905690e-01
-2.053774565628430429e-02 1.445333691315460745e-01
-2.066506153398743606e-02 1.444260694384896515e-01
-2.079196281408689922e-02 1.443179948777918442e-01
-2.091844415458842671e-02 1.442091465732785460e-01
-2.104450020626325718e-02 1.440995256532086044e-01
-2.117012561264871445e-02 1.439891332503523136e-01
-2.129531501005021282e-02 1.438779705020689914e-01
-2.142006302754462937e-02 1.437660385503851113e-01
-2.154436428698509182e-02 1.436533385420720732e-01
-2.166821340300719573e-02 1.435398716287242804e-01
-2.179160498303664081e-02 1.434256389668369103e-01
-2.191453362729821330e-02 1.433106417178836300e-01
-2.203699392882631919e-02 1.431948810483943124e-01
-2.215898047347676647e-02 1.430783581300328899e-01
-2.228048783994013987e-02 1.429610741396746820e-01
-2.240151059975644190e-02 1.428430302594839996e-01
-2.252204331733129172e-02 1.427242276769914719e-01
-2.264208054995344582e-02 1.426046675851714851e-01
-2.276161684781382102e-02 1.424843511825192310e-01
-2.288064675402588788e-02 1.423632796731279515e-01
-2.299916480464754553e-02 1.422414542667656545e-01
-2.311716552870439131e-02 1.421188761789521082e-01
-2.323464344821443012e-02 1.419955466310355019e-01
-2.335159307821425140e-02 1.418714668502689402e-01
-2.346800892678657657e-02 1.417466380698868544e-01
-2.358388549508931564e-02 1.416210615291811914e-01
-2.369921727738601852e-02 1.414947384735777136e-01
-2.381399876107778008e-02 1.413676701547113557e-01
-2.392822442673654681e-02 1.412398578305025243e-01
-2.404188874813998136e-02 1.411113027652322049e-01
-2.415498619230757593e-02 1.409820062296173737e-01
-2.426751121953843460e-02 1.408519695008862149e-01
-2.437945828345032193e-02 1.407211938628529224e-01
-2.449082183102024163e-02 1.405896806059923898e-01
-2.460159630262643768e-02 1.404574310275145399e-01
-2.471177613209188037e-02 1.403244464314387929e-01
-2.482135574672912279e-02 1.401907281286678408e-01
-2.493032956738670466e-02 1.400562774370615049e-01
-2.503869200849693707e-02 1.399210956815100104e-01
-2.514643747812515470e-02 1.397851841940073170e-01
-2.525356037802044956e-02 1.396485443137240878e-01
-2.536005510366778556e-02 1.395111773870802430e-01
-2.546591604434169515e-02 1.393730847678172624e-01
-2.557113758316129082e-02 1.392342678170707115e-01
-2.567571409714682062e-02 1.390947279034412676e-01
-2.577963995727765995e-02 1.389544664030668286e-01
-2.588290952855174659e-02 1.388134846996932625e-01
-2.598551717004650430e-02 1.386717841847455168e-01
-2.608745723498117133e-02 1.385293662573978124e-01
-2.618872407078069037e-02 1.383862323246443093e-01
-2.628931201914094448e-02 1.382423838013682460e-01
-2.638921541609553015e-02 1.380978221104119108e-01
-2.648842859208397349e-02 1.379525486826456704e-01
-2.658694587202139678e-02 1.378065649570365814e-01
-2.668476157536971496e-02 1.376598723807167246e-01
-2.678187001621018873e-02 1.375124724090515671e-01
-2.687826550331753189e-02 1.373643665057070473e-01
-2.697394234023549331e-02 1.372155561427172710e-01
-2.706889482535383348e-02 1.370660428005509579e-01
-2.716311725198685550e-02 1.369158279681780277e-01
-2.725660390845336192e-02 1.367649131431356579e-01
-2.734934907815810695e-02 1.366132998315937042e-01
-2.744134703967466768e-02 1.364609895484199809e-01
-2.753259206682992857e-02 1.363079838172447933e-01
-2.762307842878988437e-02 1.361542841705254137e-01
-2.771280039014701116e-02 1.359998921496097801e-01
-2.771280039014698687e-02 1.359998921496098079e-01
-2.779324952599777909e-02 1.358597166789741739e-01
-2.787305928561240737e-02 1.357189798753232757e-01
-2.795222596165144319e-02 1.355776854547263710e-01
-2.803074584582180770e-02 1.354358371387165971e-01
-2.810861522901238890e-02 1.352934386542700707e-01
-2.818583040142965193e-02 1.351504937337838219e-01
-2.826238765273351994e-02 1.350070061150519529e-01
-2.833828327217316131e-02 1.348629795412406018e-01
-2.841351354872303364e-02 1.347184177608613531e-01
-2.848807477121878887e-02 1.345733245277431767e-01
-2.856196322849322705e-02 1.344277036010029514e-01
-2.863517520951229869e-02 1.342815587450144343e-01
-2.870770700351085725e-02 1.341348937293762311e-01
-2.877955490012855042e-02 1.339877123288774896e-01
-2.885071518954539921e-02 1.338400183234630947e-01
-2.892118416261736311e-02 1.336918154981967255e-01
-2.899095811101159992e-02 1.335431076432228026e-01
-2.906003332734167707e-02 1.333938985537268807e-01
-2.912840610530238392e-02 1.332441920298948201e-01
-2.919607273980441217e-02 1.330939918768702102e-01
-2.926302952710864089e-02 1.329433019047107367e-01
-2.932927276496018545e-02 1.327921259283427746e-01
-2.939479875272204418e-02 1.326404677675148136e-01
-2.945960379150833197e-02 1.324883312467493857e-01
-2.952368418431727815e-02 1.323357201952937434e-01
-2.958703623616348519e-02 1.321826384470688454e-01
-2.964965625421007306e-02 1.320290898406171198e-01
-2.971154054790003246e-02 1.318750782190490078e-01
-2.977268542908726237e-02 1.317206074299877017e-01
-2.983308721216693105e-02 1.315656813255130786e-01
-2.989274221420531660e-02 1.314103037621036363e-01
-2.995164675506909596e-02 1.312544786005776232e-01
-3.000979715755383581e-02 1.310982097060324203e-01
-3.006718974751199439e-02 1.309415009477827296e-01
-3.012382085398015649e-02 1.307843561992975689e-01
-3.017968680930556771e-02 1.306267793381355180e-01
-3.023478394927188798e-02 1.304687742458791599e-01
-3.028910861322422696e-02 1.303103448080676907e-01
-3.034265714419340232e-02 1.301514949141286959e-01
-3.039542588901925774e-02 1.299922284573079845e-01
-3.044741119847325928e-02 1.298325493345992288e-01
-3.049860942738013767e-02 1.296724614466707171e-01
-3.054901693473865282e-02 1.295119686977923013e-01
-3.059863008384137995e-02 1.293510749957604289e-01
-3.064744524239367690e-02 1.291897842518217321e-01
-3.069545878263143374e-02 1.290281003805958115e-01
-3.074266708143805898e-02 1.288660272999963829e-01
-3.078906652046025511e-02 1.287035689311513131e-01
-3.083465348622278779e-02 1.285407291983219069e-01
-3.087942437024221096e-02 1.283775120288197791e-01
-3.092337556913940869e-02 1.282139213529240040e-01
-3.096650348475103731e-02 1.280499611037958507e-01
-3.100880452423978792e-02 1.278856352173929900e-01
-3.105027510020348658e-02 1.277209476323823700e-01
-3.109091163078293862e-02 1.275559022900517869e-01
-3.113071053976856906e-02 1.273905031342203731e-01
-3.116966825670578617e-02 1.272247541111482527e-01
-3.120778121699907190e-02 1.270586591694443379e-01
-3.124504586201472256e-02 1.268922222599737915e-01
-3.128145863918233710e-02 1.267254473357638245e-01
-3.131701600209483433e-02 1.265583383519086336e-01
-3.135171441060718295e-02 1.263908992654732277e-01
-3.138555033093368835e-02 1.262231340353960340e-01
-3.141852023574383951e-02 1.260550466223907262e-01
-3.145062060425674738e-02 1.258866409888465265e-01
-3.148184792233407053e-02 1.257179210987280638e-01
-3.151219868257144202e-02 1.255488909174737322e-01
-3.154166938438842521e-02 1.253795544118930516e-01
-3.157025653411690835e-02 1.252099155500634164e-01
-3.159795664508788932e-02 1.250399783012253463e-01
-3.162476623771673379e-02 1.248697466356771674e-01
-3.165068183958685138e-02 1.246992245246684172e-01
-3.167569998553166483e-02 1.245284159402925694e-01
-3.169981721771502475e-02 1.243573248553784122e-01
-3.172303008570985516e-02 1.241859552433811076e-01
-3.174533514657525146e-02 1.240143110782717523e-01
-3.176672896493172582e-02 1.238423963344262302e-01
-3.178720811303484273e-02 1.236702149865134964e-01
-3.180676917084701572e-02 1.234977710093823899e-01
-3.182540872610763183e-02 1.233250683779481410e-01
-3.184312337440133034e-02 1.231521110670775188e-01
-3.185990971922450510e-02 1.229789030514738535e-01
-3.187576437204996116e-02 1.228054483055604357e-01
-3.189068395238977421e-02 1.226317508033636650e-01
-3.190466508785626959e-02 1.224578145183952138e-01
-3.191770441422112775e-02 1.222836434235334002e-01
-3.192979857547260242e-02 1.221092414909039081e-01
-3.194094422387082355e-02 1.219346126917597861e-01
-3.195113802000121989e-02 1.217597609963603916e-01
-3.196037663282591534e-02 1.215846903738500850e-01
-3.196865673973327965e-02 1.214094047921359804e-01
-3.197597502658540425e-02 1.212339082177649324e-01
-3.198232818776364922e-02 1.210582046158001496e-01
-3.198771292621217788e-02 1.208822979496968347e-01
-3.199212595347947913e-02 1.207061921811773825e-01
-3.199556398975780119e-02 1.205298912701059794e-01
-3.199802376392067715e-02 1.203533991743624132e-01
-3.199950201355819535e-02 1.201767198497155492e-01
-3.199999548501039626e-02 1.199998572496960153e-01
-3.199999548501038238e-02 1.199998572496960153e-01
-3.199950225835802853e-02 1.198229913508550432e-01
-3.199802472145059362e-02 1.196463024110707291e-01
-3.199556609600832935e-02 1.194697947985856323e-01
-3.199212961325719612e-02 1.192934728741977118e-01
-3.198771851389929644e-02 1.191173409911604752e-01
-3.198233604808067843e-02 1.189414034950844745e-01
-3.197598547535680791e-02 1.187656647238394120e-01
-3.196867006465533428e-02 1.185901290074573289e-01
-3.196039309423661517e-02 1.184148006680366405e-01
-3.195115785165165978e-02 1.182396840196473509e-01
-3.194096763369770609e-02 1.180647833682370029e-01
-3.192982574637146659e-02 1.178901030115379889e-01
-3.191773550481988297e-02 1.177156472389756098e-01
-3.190470023328864646e-02 1.175414203315773704e-01
-3.189072326506837973e-02 1.173674265618831897e-01
-3.187580794243843885e-02 1.171936701938571246e-01
-3.185995761660855713e-02 1.170201554827996065e-01
-3.184317564765816455e-02 1.168468866752613716e-01
-3.182546540447352829e-02 1.166738680089582508e-01
-3.180683026468269364e-02 1.165011037126872789e-01
-3.178727361458815598e-02 1.163285980062439134e-01
-3.176679884909758972e-02 1.161563551003405304e-01
-3.174540937165221122e-02 1.159843791965261828e-01
-3.172310859415324036e-02 1.158126744871076363e-01
-3.169989993688622498e-02 1.156412451550714593e-01
-3.167578682844324894e-02 1.154700953740077085e-01
-3.165077270564326667e-02 1.152992293080349062e-01
-3.162486101345030748e-02 1.151286511117260991e-01
-3.159805520488985497e-02 1.149583649300364163e-01
-3.157035874096314476e-02 1.147883748982320706e-01
-3.154177509055967193e-02 1.146186851418206781e-01
-3.151230773036776261e-02 1.144492997764827991e-01
-3.148196014478328586e-02 1.142802229080053800e-01
-3.145073582581661698e-02 1.141114586322160979e-01
-3.141863827299764406e-02 1.139430110349193143e-01
-3.138567099327922022e-02 1.137748841918337639e-01
-3.135183750093868682e-02 1.136070821685314230e-01
-3.131714131747777297e-02 1.134396090203780433e-01
-3.128158597152085746e-02 1.132724687924749341e-01
-3.124517499871146131e-02 1.131056655196028410e-01
-3.120791194160717208e-02 1.129392032261666151e-01
-3.116980034957306245e-02 1.127730859261421720e-01
-3.113084377867334981e-02 1.126073176230245748e-01
-3.109104579156171319e-02 1.124419023097777276e-01
-3.105040995737001069e-02 1.122768439687859693e-01
-3.100893985159547048e-02 1.121121465718069449e-01
-3.096663905598658409e-02 1.119478140799263916e-01
-3.092351115842745246e-02 1.117838504435144237e-01
-3.087955975282075105e-02 1.116202596021833721e-01
-3.083478843896950150e-02 1.114570454847477188e-01
-3.078920082245725776e-02 1.112942120091850728e-01
-3.074280051452723400e-02 1.111317630825996577e-01
-3.069559113196003095e-02 1.109697026011867010e-01
-3.064757629695018595e-02 1.108080344501990167e-01
-3.059875963698150542e-02 1.106467625039154884e-01
-3.054914478470122444e-02 1.104858906256106360e-01
-3.049873537779304242e-02 1.103254226675267763e-01
-3.044753505884899639e-02 1.101653624708473084e-01
-3.039554747524038716e-02 1.100057138656721778e-01
-3.034277627898745652e-02 1.098464806709947700e-01
-3.028922512662826985e-02 1.096876666946812046e-01
-3.023489767908643655e-02 1.095292757334507400e-01
-3.017979760153800470e-02 1.093713115728586899e-01
-3.012392856327733570e-02 1.092137779872805747e-01
-3.006729423758216016e-02 1.090566787398986048e-01
-3.000989830157778718e-02 1.089000175826896760e-01
-2.995174443610037693e-02 1.087437982564156275e-01
-2.989283632555957484e-02 1.085880244906149567e-01
-2.983317765780026803e-02 1.084327000035966576e-01
-2.977277212396364434e-02 1.082778285024360992e-01
-2.971162341834756443e-02 1.081234136829723608e-01
-2.964973523826630597e-02 1.079694592298080513e-01
-2.958711128390955139e-02 1.078159688163106700e-01
-2.952375525820088650e-02 1.076629461046159225e-01
-2.945967086665571971e-02 1.075103947456331477e-01
-2.939486181723858019e-02 1.073583183790527973e-01
-2.932933182021998236e-02 1.072067206333553735e-01
-2.926308458803280124e-02 1.070556051258228919e-01
-2.919612383512818973e-02 1.069049754625519960e-01
-2.912845327783107965e-02 1.067548352384691257e-01
-2.906007663419532538e-02 1.066051880373478089e-01
-2.899099762385849363e-02 1.064560374318277158e-01
-2.892121996789628890e-02 1.063073869834358642e-01
-2.885074738867676042e-02 1.061592402426096704e-01
-2.877958360971425572e-02 1.060116007487224288e-01
-2.870773235552305860e-02 1.058644720301101516e-01
-2.863519735147095069e-02 1.057178576041010731e-01
-2.856198232363256484e-02 1.055717609770466942e-01
-2.848809099864257899e-02 1.054261856443552414e-01
-2.841352710354888567e-02 1.052811350905267090e-01
-2.833829436566564011e-02 1.051366127891905228e-01
-2.826239651242627021e-02 1.049926222031446477e-01
-2.818583727123656624e-02 1.048491667843973046e-01
-2.810862036932768038e-02 1.047062499742101860e-01
-2.803074953360928240e-02 1.045638752031440855e-01
-2.795222849052276734e-02 1.044220458911066379e-01
-2.787306096589457077e-02 1.042807654474017937e-01
-2.779325068478970262e-02 1.041400372707815131e-01
-2.771280137136533997e-02 1.039998647494996542e-01
-2.771280137136533650e-02 1.039998647494996958e-01
-2.762307959611841335e-02 1.038454740576840452e-01
-2.753259377394872212e-02 1.036917783053303704e-01
-2.744134961308024659e-02 1.035387788956118466e-01
-2.734935281799531076e-02 1.033864772244766639e-01
-2.725660908934192384e-02 1.032348746807502660e-01
-2.716312412384219721e-02 1.030839726462380035e-01
-2.706890361420221519e-02 1.029337724958285655e-01
-2.697395324902285979e-02 1.027842755975976741e-01
-2.687827871271205107e-02 1.026354833129128757e-01
-2.678188568539815670e-02 1.024873969965383047e-01
-2.668477984284461924e-02 1.023400179967407786e-01
-2.658696685636583942e-02 1.021933476553956444e-01
-2.648845239274431537e-02 1.020473873080939842e-01
-2.638924211414895096e-02 1.019021382842496687e-01
-2.628934167805474162e-02 1.017576019072074789e-01
-2.618875673716360847e-02 1.016137794943515749e-01
-2.608749293932649191e-02 1.014706723572145475e-01
-2.598555592746679826e-02 1.013282818015867892e-01
-2.588295133950497054e-02 1.011866091276267116e-01
-2.577968480828447123e-02 1.010456556299713787e-01
-2.567576196149890314e-02 1.009054225978473912e-01
-2.557118842162053179e-02 1.007659113151826019e-01
-2.546596980582995287e-02 1.006271230607181516e-01
-2.536011172594718546e-02 1.004890591081211426e-01
-2.525361978836390339e-02 1.003517207260973959e-01
-2.514649959397710632e-02 1.002151091785051101e-01
-2.503875673812394967e-02 1.000792257244689371e-01
-2.493039681051794146e-02 9.994407161849411247e-02
-2.482142539518646107e-02 9.980964811058141983e-02
-2.471184807040952003e-02 9.967595644634247298e-02
-2.460167040865987587e-02 9.954299786711538756e-02
-2.449089797654443665e-02 9.941077361008092417e-02
-2.437953633474696999e-02 9.927928490837897857e-02
-2.426759103797217210e-02 9.914853299122541874e-02
-2.415506763489104480e-02 9.901851908402957425e-02
-2.404197166808755629e-02 9.888924440851179498e-02
-2.392830867400667222e-02 9.876071018282149561e-02
-2.381408418290372267e-02 9.863291762165576904e-02
-2.369930371879505962e-02 9.850586793637794436e-02
-2.358397279941013003e-02 9.837956233513686644e-02
-2.346809693614481523e-02 9.825400202298635588e-02
-2.335168163401614427e-02 9.812918820200498826e-02
-2.323473239161836373e-02 9.800512207141627574e-02
-2.311725470108038499e-02 9.788180482770911239e-02
-2.299925404802449086e-02 9.775923766475841381e-02
-2.288073591152653408e-02 9.763742177394632571e-02
-2.276170576407737789e-02 9.751635834428355742e-02
-2.264216907154577296e-02 9.739604856253082643e-02
-2.252213129314257697e-02 9.727649361332094124e-02
-2.240159788138632035e-02 9.715769467928085656e-02
-2.228057428207022225e-02 9.703965294115410312e-02
-2.215906593423046592e-02 9.692236957792342567e-02
-2.203707827011595899e-02 9.680584576693372634e-02
-2.191461671515941567e-02 9.669008268401500794e-02
-2.179168668794984054e-02 9.657508150360587240e-02
-2.166829360020637932e-02 9.646084339887707471e-02
-2.154444285675358520e-02 9.634736954185499358e-02
-2.142013985549806598e-02 9.623466110354590708e-02
-2.129538998740649822e-02 9.612271925405975470e-02
-2.117019863648510192e-02 9.601154516273474604e-02
-2.104457117976039904e-02 9.590113999826141433e-02
-2.091851298726148806e-02 9.579150492880750267e-02
-2.079202942200369594e-02 9.568264112214265593e-02
-2.066512583997354505e-02 9.557454974576302942e-02
-2.053780759011522919e-02 9.546723196701661918e-02
-2.041008001431844285e-02 9.536068895322813432e-02
-2.028194844740763975e-02 9.525492187182423021e-02
-2.015341821713268963e-02 9.514993189045886646e-02
-2.002449464416093672e-02 9.504572017713859566e-02
-1.989518304207070140e-02 9.494228790034825449e-02
-1.976548871734618712e-02 9.483963622917605807e-02
-1.963541696937377845e-02 9.473776633343961029e-02
-1.950497309043977209e-02 9.463667938381130351e-02
-1.937416236572952685e-02 9.453637655194405132e-02
-1.924299007332804998e-02 9.443685901059693799e-02
-1.911146148422196434e-02 9.433812793376096517e-02
-1.897958186230292929e-02 9.424018449678468745e-02
-1.884735646437246323e-02 9.414302987650015331e-02
-1.871479054014819898e-02 9.404666525134822153e-02
-1.858188933227156517e-02 9.395109180150455763e-02
-1.844865807631688309e-02 9.385631070900510298e-02
-1.831510200080187570e-02 9.376232315787184912e-02
-1.818122632719962675e-02 9.366913033423808488e-02
-1.804703626995194168e-02 9.357673342647426784e-02
-1.791253703648414478e-02 9.348513362531292448e-02
-1.777773382722131965e-02 9.339433212397456330e-02
-1.764263183560586812e-02 9.330433011829242229e-02
-1.750723624811667892e-02 9.321512880683766045e-02
-1.737155224428956965e-02 9.312672939104474357e-02
-1.723558499673915473e-02 9.303913307533574761e-02
-1.709933967118223638e-02 9.295234106724549472e-02
-1.696282142646253141e-02 9.286635457754602307e-02
-1.682603541457684121e-02 9.278117482037097352e-02
-1.668898678070265124e-02 9.269680301333997618e-02
-1.655168066322712517e-02 9.261324037768252360e-02
-1.641412219377754583e-02 9.253048813836201036e-02
-1.627631649725315086e-02 9.244854752419942590e-02
-1.613826869185837690e-02 9.236741976799676956e-02
-1.599998388913756800e-02 9.228710610666022995e-02
-1.599998388913758535e-02 9.228710610666022995e-02
-1.584275286898695345e-02 9.219693378628955605e-02
-1.568524947187935684e-02 9.210780991446539112e-02
-1.552747956496543062e-02 9.201973129865360923e-02
-1.536944900250681798e-02 9.193269476042326138e-02
-1.521116362610101455e-02 9.184669713551107950e-02
-1.505262926490608631e-02 9.176173527388353790e-02
-1.489385173586529366e-02 9.167780603979498733e-02
-1.473483684393155947e-02 9.159490631184315224e-02
-1.457559038229168553e-02 9.151303298302138067e-02
-1.441611813259031406e-02 9.143218296076746632e-02
-1.425642586515363762e-02 9.135235316700995867e-02
-1.409651933921272915e-02 9.127354053821105928e-02
-1.393640430312649212e-02 9.119574202540681185e-02
-1.377608649460422378e-02 9.111895459424405874e-02
-1.361557164092769452e-02 9.104317522501483018e-02
-1.345486545917275352e-02 9.096840091268772188e-02
-1.329397365643039154e-02 9.089462866693621967e-02
-1.313290193002724857e-02 9.082185551216483133e-02
-1.297165596774549345e-02 9.075007848753173512e-02
-1.281024144804211208e-02 9.067929464696929120e-02
-1.264866404026747729e-02 9.060950105920152764e-02
-1.248692940488325791e-02 9.054069480775921164e-02
-1.232504319367954196e-02 9.047287299099189550e-02
-1.216301104999124513e-02 9.040603272207807517e-02
-1.200083860891366927e-02 9.034017112903212909e-02
-1.183853149751726112e-02 9.027528535470902282e-02
-1.167609533506149856e-02 9.021137255680661271e-02
-1.151353573320788512e-02 9.014842990786543775e-02
-1.135085829623201474e-02 9.008645459526579136e-02
-1.118806862123471538e-02 9.002544382122308619e-02
-1.102517229835218819e-02 8.996539480278016587e-02
-1.086217491096514755e-02 8.990630477179774316e-02
-1.069908203590694447e-02 8.984817097494228466e-02
-1.053589924367061628e-02 8.979099067367189713e-02
-1.037263209861487637e-02 8.973476114421981287e-02
-1.020928615916896591e-02 8.967947967757554373e-02
-1.004586697803641626e-02 8.962514357946434196e-02
-9.882380102397596983e-03 8.957175017032407982e-02
-9.718831074111155405e-03 8.951929678528013079e-02
-9.555225429914195046e-03 8.946778077411818297e-02
-9.391568701621274412e-03 8.941719950125522065e-02
-9.227866416322130783e-03 8.936755034570821599e-02
-9.064124096578156722e-03 8.931883070106093336e-02
-8.900347260617565148e-03 8.927103797542866592e-02
-8.736541422529300188e-03 8.922416959142148718e-02
-8.572712092455541180e-03 8.917822298610471321e-02
-8.408864776782936853e-03 8.913319561095868482e-02
-8.245004978332437853e-03 8.908908493183552435e-02
-8.081138196547734548e-03 8.904588842891479616e-02
-7.917269927682334812e-03 8.900360359665733523e-02
-7.753405664985181175e-03 8.896222794375696630e-02
-7.589550898884848962e-03 8.892175899309069653e-02
-7.425711117172312421e-03 8.888219428166733993e-02
-7.261891805182208587e-03 8.884353136057410172e-02
-7.098098445972644832e-03 8.880576779492173334e-02
-6.934336520503486812e-03 8.876890116378811924e-02
-6.770611507813144997e-03 8.873292906016014281e-02
-6.606928885193842464e-03 8.869784909087378988e-02
-6.443294128365324898e-03 8.866365887655312805e-02
-6.279712711647004141e-03 8.863035605154741259e-02
-6.116190108128576053e-03 8.859793826386661020e-02
-5.952731789839007734e-03 8.856640317511592364e-02
-5.789343227913961755e-03 8.853574846042826241e-02
-5.626029892761610571e-03 8.850597180839570033e-02
-5.462797254226824627e-03 8.847707092099936499e-02
-5.299650781753725490e-03 8.844904351353773120e-02
-5.136595944546627421e-03 8.842188731455415118e-02
-4.973638211729297133e-03 8.839560006576238638e-02
-4.810783052502565563e-03 8.837017952197094572e-02
-4.648035936300276907e-03 8.834562345100667458e-02
-4.485402332943535034e-03 8.832192963363640070e-02
-4.322887712793289754e-03 8.829909586348742845e-02
-4.160497546901203124e-03 8.827711994696728348e-02
-3.998237307158810511e-03 8.825599970318177834e-02
-3.836112466444971218e-03 8.823573296385199549e-02
-3.674128498771592633e-03 8.821631757323020184e-02
-3.512290879427629620e-03 8.819775138801451420e-02
-3.350605085121341389e-03 8.818003227726257942e-02
-3.189076594120784577e-03 8.816315812230378357e-02
-3.027710886392591134e-03 8.814712681665105853e-02
-2.866513443738951620e-03 8.813193626591091234e-02
-2.705489749932852087e-03 8.811758438769291824e-02
-2.544645290851537626e-03 8.810406911151776044e-02
-2.383985554608180051e-03 8.809138837872466932e-02
-2.223516031681799145e-03 8.807954014237773244e-02
-2.063242215045362014e-03 8.806852236717116478e-02
-1.903169600292097842e-03 8.805833302933359363e-02
-1.743303685760029141e-03 8.804897011653174677e-02
-1.583649972654691072e-03 8.804043162777280829e-02
-1.424213965170027145e-03 8.803271557330616393e-02
-1.265001170607520271e-03 8.802581997452417484e-02
-1.106017099493443153e-03 8.801974286386218815e-02
-9.472672656943644139e-04 8.801448228469753443e-02
-7.887571865307733141e-04 8.801003629124799776e-02
-6.304923828889106479e-04 8.800640294846916178e-02
-4.724783793307749872e-04 8.800358033195128382e-02
-3.147207042022738543e-04 8.800156652781521149e-02
-1.572248897395672849e-04 8.800035963260756378e-02
3.527826419866283755e-09 8.799995775319532920e-02
3.527826424029625226e-09 8.799995775319531532e-02
1.861428115103997663e-04 8.800050266451503456e-02
3.718764960355733359e-04 8.800213282186102048e-02
5.572018361615026748e-04 8.800484137426825559e-02
7.421160810379510021e-04 8.800862148907585836e-02
9.266164739854295795e-04 8.801346635155070375e-02
1.110700252283114160e-03 8.801936916451046089e-02
1.294364646964065325e-03 8.802632314794724133e-02
1.477606882617675576e-03 8.803432153865152487e-02
1.660424177199272587e-03 8.804335758983608540e-02
1.842813741846799054e-03 8.805342457076083262e-02
2.024772780704502118e-03 8.806451576635807021e-02
2.206298490753549543e-03 8.807662447685830898e-02
2.387388061649510854e-03 8.808974401741698212e-02
2.568038675566614287e-03 8.810386771774192383e-02
2.748247507048715184e-03 8.811898892172180531e-02
2.928011722866902082e-03 8.813510098705554241e-02
3.107328481883662660e-03 8.815219728488278561e-02
3.286194934923531482e-03 8.817027119941571456e-02
3.464608224650156214e-03 8.818931612757173466e-02
3.642565485449696019e-03 8.820932547860797779e-02
3.820063843320488373e-03 8.823029267375691320e-02
3.997100415768900170e-03 8.825221114586319360e-02
4.173672311711299800e-03 8.827507433902288814e-02
4.349776631382058258e-03 8.829887570822325671e-02
4.525410466247531578e-03 8.832360871898493893e-02
4.700570898925914010e-03 8.834926684700569743e-02
4.875255003112929399e-03 8.837584357780603472e-02
5.049459843513247163e-03 8.840333240637651691e-02
5.223182475777579485e-03 8.843172683682717916e-02
5.396419946445352167e-03 8.846102038203909612e-02
5.569169292892918802e-03 8.849120656331768697e-02
5.741427543287188143e-03 8.852227891004849081e-02
5.913191716544650804e-03 8.855423095935469058e-02
6.084458822295673447e-03 8.858705625575766240e-02
6.255225860854022289e-03 8.862074835083876001e-02
6.425489823191538746e-03 8.865530080290449921e-02
6.595247690917855309e-03 8.869070717665339387e-02
6.764496436265140383e-03 8.872696104284562291e-02
6.933233022077741996e-03 8.876405597797522307e-02
7.101454401806662695e-03 8.880198556394457154e-02
7.269157519508833570e-03 8.884074338774178292e-02
7.436339309851055547e-03 8.888032304112043758e-02
7.602996698118564579e-03 8.892071812028244648e-02
7.769126600228144428e-03 8.896192222556319196e-02
7.934725922745708079e-03 8.900392896111973540e-02
8.099791562908242870e-03 8.904673193462173120e-02
8.264320408650122768e-03 8.909032475694526887e-02
8.428309338633605680e-03 8.913470104186943521e-02
8.591755222283538329e-03 8.917985440577642919e-02
8.754654919826122123e-03 8.922577846735352258e-02
8.917005282331708776e-03 8.927246684729911452e-02
9.078803151761526830e-03 8.931991316803154779e-02
9.240045361018278322e-03 8.936811105340040917e-02
9.400728734000499826e-03 8.941705412840171563e-02
9.560850085660663536e-03 8.946673601889586214e-02
9.720406222066895266e-03 8.951715035132874754e-02
9.879393940468260762e-03 8.956829075245621719e-02
1.003781002936351800e-02 8.962015084907155871e-02
1.019565126857329904e-02 8.967272426773646721e-02
1.035291442931560862e-02 8.972600463451499420e-02
1.050959627428457201e-02 8.977998557471110475e-02
1.066569355773240579e-02 8.983466071260935715e-02
1.082120302555442115e-02 8.989002367121905201e-02
1.097612141537710091e-02 8.994606807202150389e-02
1.113044545664914481e-02 9.000278753472117088e-02
1.128417187073532842e-02 9.006017567699949045e-02
1.143729737101322440e-02 9.011822611427283691e-02
1.158981866297260389e-02 9.017693245945354596e-02
1.174173244431751806e-02 9.023628832271429756e-02
1.189303540507092444e-02 9.029628731125638463e-02
1.204372422768182176e-02 9.035692302908099327e-02
1.219379558713479944e-02 9.041818907676422989e-02
1.234324615106193596e-02 9.048007905123565953e-02
1.249207257985696963e-02 9.054258654556027186e-02
1.264027152679164483e-02 9.060570514872402781e-02
1.278783963813419008e-02 9.066942844542295876e-02
1.293477355326981722e-02 9.073375001585565203e-02
1.308106990482321534e-02 9.079866343551958041e-02
1.322672531878291667e-02 9.086416227501074860e-02
1.337173641462745428e-02 9.093024009982687839e-02
1.351609980545329798e-02 9.099689047017442411e-02
1.365981209810442770e-02 9.106410694077883561e-02
1.380286989330349774e-02 9.113188306069876232e-02
1.394526978578453265e-02 9.120021237314343554e-02
1.408700836442699188e-02 9.126908841529372818e-02
1.422808221239132108e-02 9.133850471812726690e-02
1.436848790725563096e-02 9.140845480624618102e-02
1.450822202115374139e-02 9.147893219770958373e-02
1.464728112091425068e-02 9.154993040386852354e-02
1.478566176820071340e-02 9.162144292920512689e-02
1.492336051965281220e-02 9.169346327117539053e-02
1.506037392702841600e-02 9.176598492005506869e-02
1.519669853734651258e-02 9.183900135878947379e-02
1.533233089303085751e-02 9.191250606284673275e-02
1.546726753205435699e-02 9.198649250007445710e-02
1.560150498808407157e-02 9.206095413056025745e-02
1.573503979062669880e-02 9.213588440649547739e-02
1.586786846517462130e-02 9.221127677204248030e-02
1.599998753335227231e-02 9.228712466320561358e-02
1.599998753335226190e-02 9.228712466320561358e-02
1.617111373591569382e-02 9.238661148671244161e-02
1.634106047801661341e-02 9.248678432213792988e-02
1.650983101552435175e-02 9.258763430946771733e-02
1.667742859249618514e-02 9.268915257183420187e-02
1.684385644156270040e-02 9.279133021523398861e-02
1.700911778431452026e-02 9.289415832825459463e-02
1.717321583169014246e-02 9.299762798180903622e-02
1.733615378436475021e-02 9.310173022887985317e-02
1.749793483313978604e-02 9.320645610427097383e-02
1.765856215933311185e-02 9.331179662436861477e-02
1.781803893516957157e-02 9.341774278691039601e-02
1.797636832417179309e-02 9.352428557076328253e-02
1.813355348155103533e-02 9.363141593570961652e-02
1.828959755459789310e-02 9.373912482224183718e-02
1.844450368307276600e-02 9.384740315136529121e-02
1.859827499959582423e-02 9.395624182440977246e-02
1.875091463003637424e-02 9.406563172284883312e-02
1.890242569390147148e-02 9.417556370812789346e-02
1.905281130472349926e-02 9.428602862149999819e-02
1.920207457044679350e-02 9.439701728387032975e-02
1.935021859381289705e-02 9.450852049564799351e-02
1.949724647274445055e-02 9.462052903660667091e-02
1.964316130072761568e-02 9.473303366575280826e-02
1.978796616719266308e-02 9.484602512120178519e-02
1.993166415789281165e-02 9.495949412006197965e-02
2.007425835528113198e-02 9.507343135832682646e-02
2.021575183888519103e-02 9.518782751077403681e-02
2.035614768567960489e-02 9.530267323087354692e-02
2.049544897045608993e-02 9.541795915070187817e-02
2.063365876619109238e-02 9.553367588086510154e-02
2.077078014441068390e-02 9.564981401042851883e-02
2.090681617555276844e-02 9.576636410685417100e-02
2.104176992932634688e-02 9.588331671594581274e-02
2.117564447506778413e-02 9.600066236180067325e-02
2.130844288209396420e-02 9.611839154676898866e-02
2.144016822005216302e-02 9.623649475142008469e-02
2.157082355926662545e-02 9.635496243451632803e-02
2.170041197108154435e-02 9.647378503299298969e-02
2.182893652820062924e-02 9.659295296194607416e-02
2.195640030502284124e-02 9.671245661462614385e-02
2.208280637797443297e-02 9.683228636243949861e-02
2.220815782583703685e-02 9.695243255495558654e-02
2.233245773007179469e-02 9.707288551992118708e-02
2.245570917513936213e-02 9.719363556328103337e-02
2.257791524881582260e-02 9.731467296920506826e-02
2.269907904250416386e-02 9.743598800012141792e-02
2.281920365154156694e-02 9.755757089675652638e-02
2.293829217550207369e-02 9.767941187818038329e-02
2.305634771849487258e-02 9.780150114185875987e-02
2.317337338945781380e-02 9.792382886371076012e-02
2.328937230244632409e-02 9.804638519817247821e-02
2.340434757691750578e-02 9.816916027826666502e-02
2.351830233800932674e-02 9.829214421567751547e-02
2.363123971681498417e-02 9.841532710083163160e-02
2.374316285065213722e-02 9.853869900298416196e-02
2.385407488332712961e-02 9.866224997031032562e-02
2.396397896539409836e-02 9.878597003000262611e-02
2.407287825440877771e-02 9.890984918837270046e-02
2.418077591517708499e-02 9.903387743095859452e-02
2.428767511999843295e-02 9.915804472263720082e-02
2.439357904890348747e-02 9.928234100774133153e-02
2.449849088988661008e-02 9.940675621018163488e-02
2.460241383913276680e-02 9.953128023357334098e-02
2.470535110123881981e-02 9.965590296136767057e-02
2.480730588942927153e-02 9.978061425698755982e-02
2.490828142576634666e-02 9.990540396396785372e-02
2.500828094135427657e-02 1.000302619060998571e-01
2.510730767653797726e-02 1.001551778875802295e-01
2.520536488109585346e-02 1.002801416931634049e-01
2.530245581442674627e-02 1.004051430883190349e-01
2.539858374573107994e-02 1.005301718193920696e-01
2.549375195418605161e-02 1.006552176137677224e-01
2.558796372911492298e-02 1.007802701800394607e-01
2.568122237015025774e-02 1.009053192081807993e-01
2.577353118739127147e-02 1.010303543697204376e-01
2.586489350155508904e-02 1.011553653179211171e-01
2.595531264412188899e-02 1.012803416879611423e-01
2.604479195747414627e-02 1.014052730971198996e-01
2.613333479502953638e-02 1.015301491449653176e-01
2.622094452136791709e-02 1.016549594135454232e-01
2.630762451235203747e-02 1.017796934675819220e-01
2.639337815524221698e-02 1.019043408546668611e-01
2.647820884880470321e-02 1.020288911054619135e-01
2.656212000341401022e-02 1.021533337339002590e-01
2.664511504114886603e-02 1.022776582373904203e-01
2.672719739588221705e-02 1.024018540970231678e-01
2.680837051336477234e-02 1.025259107777800327e-01
2.688863785130247985e-02 1.026498177287441665e-01
2.696800287942778887e-02 1.027735643833133511e-01
2.704646907956458068e-02 1.028971401594144519e-01
2.712403994568706594e-02 1.030205344597203837e-01
2.720071898397224616e-02 1.031437366718679777e-01
2.727650971284640777e-02 1.032667361686780971e-01
2.735141566302521851e-02 1.033895223083770160e-01
2.742544037754772110e-02 1.035120844348190045e-01
2.749858741180411653e-02 1.036344118777105666e-01
2.757086033355743079e-02 1.037564939528357044e-01
2.764226272295890532e-02 1.038783199622821535e-01
2.771279817255737146e-02 1.039998791946689788e-01
2.771279817255736105e-02 1.039998791946689927e-01
2.787994775243318735e-02 1.042920236993384042e-01
2.804294077806946880e-02 1.045821636545786193e-01
2.820182594508611681e-02 1.048702766541920461e-01
2.835665210495886754e-02 1.051563403705520205e-01
2.850746825898469242e-02 1.054403325554678916e-01
2.865432355236456965e-02 1.057222310410038113e-01
2.879726726840159748e-02 1.060020137402519491e-01
2.893634882281301626e-02 1.062796586480607569e-01
2.907161775815420013e-02 1.065551438417184499e-01
2.920312373835309491e-02 1.068284474815920648e-01
2.933091654335350310e-02 1.070995478117233723e-01
2.945504606386555035e-02 1.073684231603808104e-01
2.957556229622198066e-02 1.076350519405694373e-01
2.969251533733861456e-02 1.078994126504985718e-01
2.980595537977755866e-02 1.081614838740076467e-01
2.991593270691189632e-02 1.084212442809519145e-01
3.002249768819018408e-02 1.086786726275470044e-01
3.012570077449965369e-02 1.089337477566748313e-01
3.022559249362666289e-02 1.091864485981497573e-01
3.032222344581306933e-02 1.094367541689473672e-01
3.041564429940736211e-02 1.096846435733951491e-01
3.050590578660912142e-02 1.099300960033269686e-01
3.059305869930575503e-02 1.101730907382013486e-01
3.067715388500011353e-02 1.104136071451844725e-01
3.075824224282798502e-02 1.106516246791997282e-01
3.083637471966408500e-02 1.108871228829426681e-01
3.091160230631549710e-02 1.111200813868642723e-01
3.098397603380139212e-02 1.113504799091221686e-01
3.105354696971788717e-02 1.115782982555012098e-01
3.112036621468679959e-02 1.118035163193040055e-01
3.118448489888736921e-02 1.120261140812130324e-01
3.124595417866960975e-02 1.122460716091245314e-01
3.130482523324833177e-02 1.124633690579555784e-01
3.136114926147662296e-02 1.126779866694254811e-01
3.141497747869768237e-02 1.128899047718122522e-01
3.146636111367392269e-02 1.130991037796854753e-01
3.151535140559213327e-02 1.133055641936165925e-01
3.156199960114365599e-02 1.135092665998676392e-01
3.160635695167834935e-02 1.137101916700597043e-01
3.164847471043120974e-02 1.139083201608221546e-01
3.168840412982053961e-02 1.141036329134241106e-01
3.172619645881633033e-02 1.142961108533889769e-01
3.176190294037781886e-02 1.144857349900933879e-01
3.179557480895886523e-02 1.146724864163521651e-01
3.182726328808003352e-02 1.148563463079902564e-01
3.185701958796594013e-02 1.150372959234027687e-01
3.188489490324673131e-02 1.152153166031048698e-01
3.191094041072225357e-02 1.153903897692726832e-01
3.193520726718768188e-02 1.155624969252767309e-01
3.195774660731911382e-02 1.157316196552086313e-01
3.197860954161773489e-02 1.158977396234039808e-01
3.199784715441113953e-02 1.160608385739607118e-01
3.201551050191027425e-02 1.162208983302565057e-01
3.203165061032054589e-02 1.163779007944655830e-01
3.204631847400533223e-02 1.165318279470761303e-01
3.205956505370055609e-02 1.166826618464112814e-01
3.207144127477839363e-02 1.168303846281533581e-01
3.208199802555852798e-02 1.169749785048747465e-01
3.209128615566521348e-02 1.171164257655755714e-01
3.209935647442822143e-02 1.172547087752308509e-01
3.210625974932589111e-02 1.173898099743479334e-01
3.211204670446830139e-02 1.175217118785366055e-01
3.211676801911856477e-02 1.176503970780931746e-01
3.212047432625030757e-02 1.177758482376000809e-01
3.212321621113899128e-02 1.178980480955435228e-01
3.212504420998514576e-02 1.180169794639496644e-01
3.212600880856716218e-02 1.181326252280429229e-01
3.212616044092124479e-02 1.182449683459257522e-01
3.212554948804625249e-02 1.183539918482845316e-01
3.212422627663103630e-02 1.184596788381211824e-01
3.212224107780147636e-02 1.185620124905133466e-01
3.211964410588488000e-02 1.186609760524052759e-01
3.211648551718897932e-02 1.187565528424305850e-01
3.211281540879251661e-02 1.188487262507695180e-01
3.210868381734508642e-02 1.189374797390422150e-01
3.210414071787272283e-02 1.190227968402405162e-01
3.209923602258661635e-02 1.191046611586995818e-01
3.209401957969160862e-02 1.191830563701120893e-01
3.208854117219143293e-02 1.192579662215866032e-01
3.208285051668730015e-02 1.193293745317524773e-01
3.207699726216654140e-02 1.193972651909133154e-01
3.207103098877758796e-02 1.194616221612509049e-01
3.206500120658815900e-02 1.195224294770822898e-01
3.205895735432245930e-02 1.195796712451717286e-01
3.205294879807403519e-02 1.196333316450997192e-01
3.204702482999007007e-02 1.196833949296918914e-01
3.204123466692355288e-02 1.197298454255092404e-01
3.203562744904871196e-02 1.197726675334025437e-01
3.203025223843596059e-02 1.198118457291328653e-01
3.202515801758185759e-02 1.198473645640611568e-01
3.202039368788970469e-02 1.198792086659081213e-01
3.201600806809620781e-02 1.199073627395881858e-01
3.201204989263963657e-02 1.199318115681183849e-01
3.200856780996487461e-02 1.199525400136062375e-01
3.200561038076001757e-02 1.199695330183174202e-01
3.200322607612019615e-02 1.199827756058269024e-01
3.200146327563295479e-02 1.199922528822555540e-01
3.200037026538040535e-02 1.199979500375949887e-01
3.199999523585243810e-02 1.199998523471221684e-01
