1.500000000000000777e-01
1.500000410449821853e-01
1.500003242958104499e-01
1.500010807156603454e-01
1.500025287080364034e-01
1.500048735603000394e-01
1.500083066947184018e-01
1.500130047875763151e-01
1.500191288103007725e-01
1.500268230403078995e-01
1.500362140834048952e-01
1.500474099440599618e-01
1.500604991746916361e-01
1.500755501303116801e-01
1.500926103503839870e-01
1.501117060856148044e-01
1.501328419835603889e-01
1.501560009434128595e-01
1.501811441470854713e-01
1.502082112707526507e-01
1.502371208782917744e-01
1.502677709956069252e-01
1.503000398625746470e-01
1.503337868573240976e-01
1.503688535857361230e-01
1.504050651274016215e-01
1.504422314278134887e-01
1.504801488252618669e-01
1.505186016997531184e-01
1.505573642302724391e-01
1.505962022458491312e-01
1.506348751551559451e-01
1.506731379387807601e-01
1.507107431878380588e-01
1.507474431722457819e-01
1.507829919217701931e-01
1.508171473028423748e-01
1.508496730741692715e-01
1.508803409043010801e-01
1.509089323345760569e-01
1.509352406712358707e-01
1.509590727909989327e-01
1.509802508449815950e-01
1.509986138465754801e-01
1.510140191297138224e-01
1.510263436648908442e-01
1.510354852213257881e-01
1.510413633647892384e-01
1.510439202818181781e-01
1.510431214223378060e-01
1.510389559540674664e-01
1.510314370235135706e-01
1.510206018198217148e-01
1.510065114392790120e-01
1.509892505497959225e-01
1.509689268562594833e-01
1.509456703692111657e-01
1.509196324808604606e-01
1.508909848539768672e-01
1.508599181307080372e-01
1.508266404698232477e-01
1.507913759222829220e-01
1.507543626563587758e-01
1.507158510447792754e-01
1.506761016275285359e-01
1.506353829649812182e-01
1.505939693969982340e-01
1.505521387244308507e-01
1.505101698301751778e-01
1.504683402574770734e-01
1.504269237636056689e-01
1.503861878672778929e-01
1.503463914083295883e-01
1.503077821380782719e-01
1.502705943586062631e-01
1.502350466288030761e-01
1.502013395544395113e-01
1.501696536787951730e-01
1.501401474894204502e-01
1.501129555554797101e-01
1.500881868087829973e-01
1.500659229800701266e-01
1.500462172003457773e-01
1.500290927750807524e-01
1.500145421368767329e-01
1.500025259797338195e-01
1.499929725753547105e-01
1.499857772689573154e-01
1.499808021488351906e-01
1.499778758804044820e-01
1.499767936916841515e-01
1.499773174930786601e-01
1.499791761099515952e-01
1.499820656017911980e-01
1.499856496367708569e-01
1.499895598851870571e-01
1.499933963896181721e-01
1.499967278636785417e-01
1.499990918649464211e-01
1.499999947810223833e-01
1.499999947810223833e-01
1.499990180909015480e-01
1.499961481913072714e-01
1.499914753587202054e-01
1.499850899547060523e-01
1.499770824665065949e-01
1.499675435134215085e-01
1.499565638234264808e-01
1.499442341841645543e-01
1.499306453721455101e-01
1.499158880637009861e-01
1.499000527309641839e-01
1.498832295258759606e-01
1.498655081549626067e-01
1.498469777473842857e-01
1.498277267185184058e-01
1.498078426311157951e-01
1.497874120558541078e-01
1.497665204329078348e-01
1.497452519359585288e-01
1.497236893398865287e-01
1.497019138932079996e-01
1.496800051961582334e-01
1.496580410851646448e-01
1.496360975243078151e-01
1.496142485042314951e-01
1.495925659488342996e-01
1.495711196299573109e-01
1.495499770901713155e-01
1.495292035736653091e-01
1.495088619651460116e-01
1.494890127365712251e-01
1.494697139014646015e-01
1.494510209764893793e-01
1.494329869498973173e-01
1.494156622564149495e-01
1.493990947580823014e-01
1.493833297305197094e-01
1.493684098540639382e-01
1.493543752091892329e-01
1.493412632756073721e-01
1.493291089344260802e-01
1.493179444727364968e-01
1.493077995899953769e-01
1.492987014055698891e-01
1.492906744668182351e-01
1.492837407570887787e-01
1.492779197030358884e-01
1.492732281806671280e-01
1.492696805195586063e-01
1.492672885046996134e-01
1.492660613754528687e-01
1.492660058211490448e-01
1.492671259728616528e-01
1.492694233909440671e-01
1.492728970479429151e-01
1.492775433065369750e-01
1.492833558921863868e-01
1.492903258602120420e-01
1.492984415570600132e-01
1.493076885755420802e-01
1.493180497038739396e-01
1.493295048683687121e-01
1.493420310696722542e-01
1.493556023124550380e-01
1.493701895285050874e-01
1.493857604931869976e-01
1.494022797352562715e-01
1.494197084400350761e-01
1.494380043459705432e-01
1.494571216346084475e-01
1.494770108140215936e-01
1.494976185957359038e-01
1.495188877651953407e-01
1.495407570458009705e-01
1.495631609565488407e-01
1.495860296632741948e-01
1.496092888234895613e-01
1.496328594247761379e-01
1.496566576166557805e-01
1.496805945358322398e-01
1.497045761246456330e-01
1.497285029425323988e-01
1.497522699702274196e-01
1.497757664063782690e-01
1.497988754561729030e-01
1.498214741115033166e-01
1.498434329221031147e-01
1.498646157570044934e-01
1.498848795555615399e-01
1.499040740671792049e-01
1.499220415787738125e-01
1.499386166288689537e-01
1.499536257071008294e-01
1.499668869377716318e-01
1.499782097459439467e-01
1.499873945044184753e-01
1.499942321597785289e-01
1.499985038355179379e-01
1.499999804100985157e-01
1.499999804100984879e-01
1.499985074606277058e-01
1.499942601858320901e-01
1.499874858811311995e-01
1.499784189145054736e-01
1.499672813149688644e-01
1.499542833305994027e-01
1.499396239585513158e-01
1.499234914492589277e-01
1.499060637868403767e-01
1.498875091475183052e-01
1.498679863376920773e-01
1.498476452131272674e-01
1.498266270805680977e-01
1.498050650829302888e-01
1.497830845690911739e-01
1.497608034491700879e-01
1.497383325360683581e-01
1.497157758739343369e-01
1.496932310541165267e-01
1.496707895190803883e-01
1.496485368546801309e-01
1.496265530711072544e-01
1.496049128727700295e-01
1.495836859173027555e-01
1.495629370638533462e-01
1.495427266107562658e-01
1.495231105226609847e-01
1.495041406471583900e-01
1.494858649209237222e-01
1.494683275653780896e-01
1.494515692718590139e-01
1.494356273762841303e-01
1.494205360232913338e-01
1.494063263198419367e-01
1.493930264782807049e-01
1.493806619488597665e-01
1.493692555417480694e-01
1.493588275385676623e-01
1.493493957935209115e-01
1.493409758241975027e-01
1.493335808921787133e-01
1.493272220735866185e-01
1.493219083197579455e-01
1.493176465082576565e-01
1.493144414844817525e-01
1.493122960941356270e-01
1.493112112069137076e-01
1.493111857317420688e-01
1.493122166239850834e-01
1.493142988850570396e-01
1.493174255549145069e-01
1.493215876979456513e-01
1.493267743828073923e-01
1.493329726567965143e-01
1.493401675153741004e-01
1.493483418674951269e-01
1.493574764974220093e-01
1.493675500237292009e-01
1.493785388562288707e-01
1.493904171515671175e-01
1.494031567682574391e-01
1.494167272219307785e-01
1.494310956415886849e-01
1.494462267276502054e-01
1.494620827125816009e-01
1.494786233248896479e-01
1.494958057572480237e-01
1.495135846395045931e-01
1.495319120172933225e-01
1.495507373369409920e-01
1.495700074373167432e-01
1.495896665492257860e-01
1.496096563028906368e-01
1.496299157439960892e-01
1.496503813587015674e-01
1.496709871079359710e-01
1.496916644711967781e-01
1.497123424999685093e-01
1.497329478807564174e-01
1.497534050076040901e-01
1.497736360638193820e-01
1.497935611124801003e-01
1.498130981951221186e-01
1.498321634378309286e-01
1.498506711637611621e-01
1.498685340108995845e-01
1.498856630536586909e-01
1.499019679266493377e-01
1.499173569487221580e-01
1.499317372450957864e-01
1.499450148650988135e-01
1.499570948927489988e-01
1.499678815470678050e-01
1.499772782686925043e-01
1.499851877889898100e-01
1.499915121775048377e-01
1.499961528631902075e-01
1.499990106244573074e-01
1.499999855426718820e-01
1.499999855426719098e-01
1.499990820034929340e-01
1.499967137186334898e-01
1.499933708634589302e-01
1.499895127161126607e-01
1.499855677186673342e-01
1.499819333635322993e-01
1.499789759615710594e-01
1.499770303420612239e-01
1.499763995286406415e-01
1.499773544297410277e-01
1.499801335767235178e-01
1.499849429379940813e-01
1.499919558327933444e-01
1.500013129641105114e-01
1.500131225862582351e-01
1.500274608190478864e-01
1.500443721172094458e-01
1.500638699006866528e-01
1.500859373486932991e-01
1.501105283579191596e-01
1.501375686630082029e-01
1.501669571153808613e-01
1.501985671146180978e-01
1.502322481849573954e-01
1.502678276879509944e-01
1.503051126609959431e-01
1.503438917702549782e-01
1.503839373654324574e-01
1.504250076229510236e-01
1.504668487632803697e-01
1.505091973274987338e-01
1.505517824976181918e-01
1.505943284447698038e-01
1.506365566890319474e-01
1.506781884544854400e-01
1.507189470029985379e-01
1.507585599302836699e-01
1.507967614079226137e-01
1.508332943553347960e-01
1.508679125260578568e-01
1.509003824932241278e-01
1.509304855197516892e-01
1.509580192995151338e-01
1.509827995566260239e-01
1.510046614909224816e-01
1.510234610588452042e-01
1.510390760800481569e-01
1.510514071613587861e-01
1.510603784310466657e-01
1.510659380777785721e-01
1.510680586901191336e-01
1.510667373939661440e-01
1.510619957868804819e-01
1.510538796698666086e-01
1.510424585787676910e-01
1.510278251190496634e-01
1.510100941093425186e-01
1.509894015406760548e-01
1.509659033598738931e-01
1.509397740870456195e-01
1.509112052785240021e-01
1.508804038479257537e-01
1.508475902592559259e-01
1.508129966071168337e-01
1.507768646001146351e-01
1.507394434644669379e-01
1.507009877855999269e-01
1.506617553061687376e-01
1.506220046994383721e-01
1.505819933373150343e-01
1.505419750725103256e-01
1.505021980543526372e-01
1.504629025976204348e-01
1.504243191234556354e-01
1.503866661909203095e-01
1.503501486370733276e-01
1.503149558425660171e-01
1.502812601386776525e-01
1.502492153704244604e-01
1.502189556288773542e-01
1.501905941641022979e-01
1.501642224881865051e-01
1.501399096756263485e-01
1.501177018659206608e-01
1.500976219705243975e-01
1.500796695833687966e-01
1.500638210909321646e-01
1.500500299743430521e-01
1.500382272922081150e-01
1.500283223287680323e-01
1.500202033875927543e-01
1.500137387063220362e-01
1.500087774629313142e-01
1.500051508386490984e-01
1.500026730969665767e-01
1.500011426321478103e-01
1.500003429342731676e-01
1.500000434111095349e-01
1.500000000000000777e-01
