0.000000000000000000e+00 3.101792385137492403e+01
1.506276150627614996e+00 3.102380726626433471e+01
3.012552301255229992e+00 3.104134296499818646e+01
4.518828451882844988e+00 3.107038919646345576e+01
6.025104602510459983e+00 3.111084277388717467e+01
7.531380753138074979e+00 3.116263740072071187e+01
9.037656903765689975e+00 3.122574225674144799e+01
1.054393305439330497e+01 3.130016082451626502e+01
1.205020920502091997e+01 3.138592993981379919e+01
1.355648535564853496e+01 3.148311905258807641e+01
1.506276150627614996e+01 3.159182968787073875e+01
1.656903765690376673e+01 3.171219509835603390e+01
1.807531380753137995e+01 3.184438010269949260e+01
1.958158995815899317e+01 3.198858110562772339e+01
2.108786610878660994e+01 3.214502629790595734e+01
2.259414225941422671e+01 3.231397603608267843e+01
2.410041841004183993e+01 3.249572340375051027e+01
2.560669456066945315e+01 3.269059495786919456e+01
2.711297071129706993e+01 3.289895166551934125e+01
2.861924686192468670e+01 3.312119003832587083e+01
3.012552301255229992e+01 3.312119003832584951e+01
3.163179916317991314e+01 3.321725714663996598e+01
3.313807531380753346e+01 3.331536229985887587e+01
3.464435146443514668e+01 3.341531945058375896e+01
3.615062761506275990e+01 3.351693584583978236e+01
3.765690376569037312e+01 3.362001167080316577e+01
3.916317991631798634e+01 3.372433972082165354e+01
4.066945606694560666e+01 3.382970510434545020e+01
4.217573221757321988e+01 3.393588497963241224e+01
4.368200836820083310e+01 3.404264832833029431e+01
4.518828451882845343e+01 3.414975576926017453e+01
4.669456066945606665e+01 3.425695941592819338e+01
4.820083682008367987e+01 3.436400278147230125e+01
4.970711297071129309e+01 3.447062073490067746e+01
5.121338912133890631e+01 3.457653951259469238e+01
5.271966527196652663e+01 3.468147678912681187e+01
5.422594142259413985e+01 3.478514181147472328e+01
5.573221757322175307e+01 3.488723560069225016e+01
5.723849372384937340e+01 3.498745122501820504e+01
5.874476987447698662e+01 3.508547414826241351e+01
6.025104602510459983e+01 3.508547414826241351e+01
6.175732217573221305e+01 3.515888448545958767e+01
6.326359832635982627e+01 3.523038057604494355e+01
6.476987447698743949e+01 3.529973501518612977e+01
6.627615062761506692e+01 3.536671717882851596e+01
6.778242677824268014e+01 3.543109358566235301e+01
6.928870292887029336e+01 3.549262830157682203e+01
7.079497907949790658e+01 3.555108338706897086e+01
7.230125523012551980e+01 3.560621938781402207e+01
7.380753138075313302e+01 3.565779586830526426e+01
7.531380753138074624e+01 3.570557198814950794e+01
7.682008368200835946e+01 3.574930712025324908e+01
7.832635983263597268e+01 3.578876150975602144e+01
7.983263598326360011e+01 3.582369697216770987e+01
8.133891213389121333e+01 3.585387762874642448e+01
8.284518828451882655e+01 3.587907067671641670e+01
8.435146443514643977e+01 3.589904719147632761e+01
8.585774058577405299e+01 3.591358295749401464e+01
8.736401673640166621e+01 3.592245932412765086e+01
8.887029288702927943e+01 3.592546408216183806e+01
9.037656903765690686e+01 3.592546408216183096e+01
9.188284518828452008e+01 3.592321825066912311e+01
9.338912133891213330e+01 3.591644832860598058e+01
9.489539748953974652e+01 3.590510918917122751e+01
9.640167364016735974e+01 3.588916049911733097e+01
9.790794979079497296e+01 3.586856686964273422e+01
9.941422594142258617e+01 3.584329799727162680e+01
1.009205020920501994e+02 3.581332879402014413e+01
1.024267782426778126e+02 3.577863950618779398e+01
1.039330543933054400e+02 3.573921582115622186e+01
1.054393305439330533e+02 3.569504896162464291e+01
1.069456066945606665e+02 3.564613576676516971e+01
1.084518828451882797e+02 3.559247875983786713e+01
1.099581589958158929e+02 3.553408620186788625e+01
1.114644351464435061e+02 3.547097213104986935e+01
1.129707112970711194e+02 3.540315638761568806e+01
1.144769874476987468e+02 3.533066462396936203e+01
1.159832635983263600e+02 3.525352829996854354e+01
1.174895397489539732e+02 3.517178466330467046e+01
1.189958158995815865e+02 3.508547671501032283e+01
1.205020920502091997e+02 3.508547671501032283e+01
1.220083682008368129e+02 3.500571338363749163e+01
1.235146443514644261e+02 3.492258215616056560e+01
1.250209205020920393e+02 3.483621504587838302e+01
1.265271966527196525e+02 3.474674457815327600e+01
1.280334728033472800e+02 3.465430352629021371e+01
1.295397489539748790e+02 3.455902465764877718e+01
1.310460251046025064e+02 3.446104049043940876e+01
1.325523012552301338e+02 3.436048306157703536e+01
1.340585774058577329e+02 3.425748370589244018e+01
1.355648535564853603e+02 3.415217284692724320e+01
1.370711297071129593e+02 3.404467979947077083e+01
1.385774058577405867e+02 3.393513258393050336e+01
1.400836820083681857e+02 3.382365775256880625e+01
1.415899581589958132e+02 3.371038022757673502e+01
1.430962343096234122e+02 3.359542315090610742e+01
1.446025104602510396e+02 3.347890774572897499e+01
1.461087866108786670e+02 3.336095318935023357e+01
1.476150627615062660e+02 3.324167649735654351e+01
1.491213389121338935e+02 3.312119241874874831e+01
1.506276150627614925e+02 3.312119241874880515e+01
1.521338912133891199e+02 3.301134835910128373e+01
1.536401673640167189e+02 3.290077757705763872e+01
1.551464435146443464e+02 3.278960643529102015e+01
1.566527196652719454e+02 3.267795760064229427e+01
1.581589958158995728e+02 3.256595000866143863e+01
1.596652719665272002e+02 3.245369884099721247e+01
1.611715481171547992e+02 3.234131551485683076e+01
1.626778242677824267e+02 3.222890768376269222e+01
1.641841004184100257e+02 3.211657924884502791e+01
1.656903765690376531e+02 3.200443037992131678e+01
1.671966527196652521e+02 3.189255754563254897e+01
1.687029288702928795e+02 3.178105355192652226e+01
1.702092050209205070e+02 3.167000758820084982e+01
1.717154811715481060e+02 3.155950528044527559e+01
1.732217573221757334e+02 3.144962875074813979e+01
1.747280334728033324e+02 3.134045668256230499e+01
1.762343096234309598e+02 3.123206439115264033e+01
1.777405857740585589e+02 3.112452389868129998e+01
1.792468619246861863e+02 3.101790401341354553e+01
1.807531380753138137e+02 3.101790401341352776e+01
1.822594142259414127e+02 3.091281575135944948e+01
1.837656903765690402e+02 3.080982758720437076e+01
1.852719665271966392e+02 3.070894164258075776e+01
1.867782426778242666e+02 3.061015940525725654e+01
1.882845188284518656e+02 3.051348179161115226e+01
1.897907949790794930e+02 3.041890920773174045e+01
1.912970711297070920e+02 3.032644160922876608e+01
1.928033472803347195e+02 3.023607855982571735e+01
1.943096234309623469e+02 3.014781928881599526e+01
1.958158995815899459e+02 3.006166274746514944e+01
1.973221757322175733e+02 2.997760766444139335e+01
1.988284518828451723e+02 2.989565260036092198e+01
2.003347280334727998e+02 2.981579600153199294e+01
2.018410041841003988e+02 2.973803625298878117e+01
2.033472803347280262e+02 2.966237173090132373e+01
2.048535564853556252e+02 2.958880085445342445e+01
2.063598326359832527e+02 2.951732213728087473e+01
2.078661087866108801e+02 2.944793423856135206e+01
2.093723849372384791e+02 2.938063601385260171e+01
2.108786610878661065e+02 2.938063601385259460e+01
2.123849372384937055e+02 2.930861328665471888e+01
2.138912133891213330e+02 2.923907938220926184e+01
2.153974895397489320e+02 2.917198560439783250e+01
2.169037656903765594e+02 2.910728532032649696e+01
2.184100418410041868e+02 2.904493389554104255e+01
2.199163179916317858e+02 2.898488863294721085e+01
2.214225941422594133e+02 2.892710871525343919e+01
2.229288702928870123e+02 2.887155515076078061e+01
2.244351464435146397e+02 2.881819072233936652e+01
2.259414225941422387e+02 2.876697993944121379e+01
2.274476987447698662e+02 2.871788899300883102e+01
2.289539748953974936e+02 2.867088571314900136e+01
2.304602510460250926e+02 2.862593952945024611e+01
2.319665271966527200e+02 2.858302143383163951e+01
2.334728033472803190e+02 2.854210394581611254e+01
2.349790794979079465e+02 2.850316108013173277e+01
2.364853556485355455e+02 2.846616831655003921e+01
2.379916317991631729e+02 2.843110257187642631e+01
2.394979079497907719e+02 2.839794217401525245e+01
2.410041841004183993e+02 2.839794217401526666e+01
2.425104602510460268e+02 2.836256622327882582e+01
2.440167364016736258e+02 2.832952713355293639e+01
2.455230125523012532e+02 2.829876445567587595e+01
2.470292887029288522e+02 2.827022036160567353e+01
2.485355648535564796e+02 2.824383950976596225e+01
2.500418410041840787e+02 2.821956891720619964e+01
2.515481171548117061e+02 2.819735783811094976e+01
2.530543933054393051e+02 2.817715764822446900e+01
2.545606694560669325e+02 2.815892173479048566e+01
2.560669456066945600e+02 2.814260539163640473e+01
2.575732217573221874e+02 2.812816571905729646e+01
2.590794979079497580e+02 2.811556152818063836e+01
2.605857740585773854e+02 2.810475324951656972e+01
2.620920502092050128e+02 2.809570284541808505e+01
2.635983263598326403e+02 2.808837372619813166e+01
2.651046025104602677e+02 2.808273066966632925e+01
2.666108786610878383e+02 2.807873974386781413e+01
2.681171548117154657e+02 2.807636823282041050e+01
2.696234309623430931e+02 2.807558456506267675e+01
2.711297071129707206e+02 2.807558456506267675e+01
2.726359832635982912e+02 2.807664966149424046e+01
2.741422594142259186e+02 2.807980331827305776e+01
2.756485355648535460e+02 2.808498437384326962e+01
2.771548117154811735e+02 2.809213323021770137e+01
2.786610878661088009e+02 2.810119168211438989e+01
2.801673640167363715e+02 2.811210275303227490e+01
2.816736401673639989e+02 2.812481053785630536e+01
2.831799163179916263e+02 2.813926005162255706e+01
2.846861924686192538e+02 2.815539708410837250e+01
2.861924686192468243e+02 2.817316805994992635e+01
2.876987447698744518e+02 2.819251990401775743e+01
2.892050209205020792e+02 2.821339991181239171e+01
2.907112970711297066e+02 2.823575562467058120e+01
2.922175732217573341e+02 2.825953470959747804e+01
2.937238493723849047e+02 2.828468484356656987e+01
2.952301255230125321e+02 2.831115360215440546e+01
2.967364016736401595e+02 2.833888835239896409e+01
2.982426778242677869e+02 2.836783614979480106e+01
2.997489539748953575e+02 2.839794363935946109e+01
3.012552301255229850e+02 2.839794363935947175e+01
3.027615062761506124e+02 2.843879693753557447e+01
3.042677824267782398e+02 2.848136462482972320e+01
3.057740585774058673e+02 2.852556499757815445e+01
3.072803347280334378e+02 2.857131494992885479e+01
3.087866108786610653e+02 2.861852977304485535e+01
3.102928870292886927e+02 2.866712296344756794e+01
3.117991631799163201e+02 2.871700604066142049e+01
3.133054393305438907e+02 2.876808837439016031e+01
3.148117154811715181e+02 2.882027702152615234e+01
3.163179916317991456e+02 2.887347657335949691e+01
3.178242677824267730e+02 2.892758901342257971e+01
3.193305439330544004e+02 2.898251358646594156e+01
3.208368200836819710e+02 2.903814667912771696e+01
3.223430962343095985e+02 2.909438171291258968e+01
3.238493723849372259e+02 2.915110905015663079e+01
3.253556485355648533e+02 2.920821591370435044e+01
3.268619246861924807e+02 2.926558632107268920e+01
3.283682008368200513e+02 2.932310103392325118e+01
3.298744769874476788e+02 2.938063752369733805e+01
3.313807531380753062e+02 2.938063752369734516e+01
3.328870292887029336e+02 2.951834236039158199e+01
3.343933054393305042e+02 2.965346299706264688e+01
3.358995815899581316e+02 2.978548764154042061e+01
3.374058577405857591e+02 2.991388674388686297e+01
3.389121338912133865e+02 3.003811465269476599e+01
3.404184100418410139e+02 3.015761156989208658e+01
3.419246861924685845e+02 3.027180581387507630e+01
3.434309623430962120e+02 3.038011639724181379e+01
3.449372384937238394e+02 3.048195592118987918e+01
3.464435146443514668e+02 3.057673378379397633e+01
3.479497907949790374e+02 3.066385969393035182e+01
3.494560669456066648e+02 3.074274747663070073e+01
3.509623430962342923e+02 3.081281914921916254e+01
3.524686192468619197e+02 3.087350924083747117e+01
3.539748953974895471e+02 3.092426932103339254e+01
3.554811715481171177e+02 3.096457269617491548e+01
3.569874476987447451e+02 3.099391922573307312e+01
3.584937238493723726e+02 3.101184020419428933e+01
3.600000000000000000e+02 3.101790324874151850e+01
