3.200000000000000067e-02 1.199999999999999956e-01
3.151384809639065643e-02 1.255567416853417551e-01
3.007016386514907089e-02 1.309446445864213826e-01
2.771281292110203825e-02 1.359999999999999820e-01
2.451342217980729751e-02 1.405692035099692649e-01
2.056920350996925898e-02 1.445134221798072827e-01
1.600000000000000380e-02 1.477128129211020269e-01
1.094464458642140266e-02 1.500701638651490699e-01
5.556741685341773374e-03 1.515138480963906520e-01
1.959434878635765030e-18 1.519999999999999962e-01
-5.556741685341769904e-03 1.515138480963906520e-01
-1.094464458642139919e-02 1.500701638651490699e-01
-1.599999999999999339e-02 1.477128129211020269e-01
-2.056920350996925898e-02 1.445134221798072827e-01
-2.451342217980729404e-02 1.405692035099692649e-01
-2.771281292110203825e-02 1.359999999999999820e-01
-3.007016386514906742e-02 1.309446445864214104e-01
-3.151384809639065643e-02 1.255567416853417828e-01
-3.200000000000000067e-02 1.199999999999999956e-01
-3.151384809639066337e-02 1.144432583146582361e-01
-3.007016386514907089e-02 1.090553554135785946e-01
-2.771281292110204172e-02 1.040000000000000091e-01
-2.451342217980730098e-02 9.943079649003074005e-02
-2.056920350996926244e-02 9.548657782019270845e-02
-1.600000000000001421e-02 9.228718707889796424e-02
-1.094464458642142000e-02 8.992983613485093508e-02
-5.556741685341770771e-03 8.848615190360933913e-02
-5.878304635907295475e-18 8.799999999999999489e-02
5.556741685341759496e-03 8.848615190360933913e-02
1.094464458642138184e-02 8.992983613485092120e-02
1.600000000000000380e-02 9.228718707889796424e-02
2.056920350996925551e-02 9.548657782019269458e-02
2.451342217980729057e-02 9.943079649003072618e-02
2.771281292110202785e-02 1.039999999999999813e-01
3.007016386514906048e-02 1.090553554135785808e-01
3.151384809639065643e-02 1.144432583146582222e-01
3.200000000000000067e-02 1.199999999999999817e-01
