9.907984343957514485e-05
1.906152752360474123e-06
-9.826389734169224861e-05
-2.068046671838511289e-04
-3.264053466712025847e-04
-4.570645400729839202e-04
-5.964007933861313919e-04
-7.401193954629795490e-04
-8.824099559673336283e-04
-1.016015092754389776e-03
-6.516518470916195585e-04
-3.025033776247396111e-04
4.455812078106080110e-05
3.823116323406895007e-04
7.044477749422068400e-04
1.005518990957926994e-03
1.280926908764491116e-03
1.526938102643804083e-03
1.740716458202901194e-03
1.920359190096037607e-03
2.102784259441976920e-03
1.757692583875302209e-03
1.449292545802828742e-03
1.173024436247372369e-03
9.244008270575155986e-04
6.990441990525920199e-04
4.926784703307130441e-04
3.010786342351863759e-04
1.199808516418121389e-04
-5.504734220397213939e-05
-4.457256950887094151e-04
-4.062353038561111870e-04
-3.718289761606828224e-04
-3.396285165145606906e-04
-3.068291922950464219e-04
-2.707117484260459952e-04
-2.290262311167529184e-04
-1.805305221279988306e-04
-1.254310908684867114e-04
-6.547012084230567999e-05
