9.048440732872560857e-03
8.870528001880125316e-03
7.875266286116745437e-03
5.895746196625337859e-03
3.352323089911348267e-03
9.774491116593942135e-04
-5.744775424082294380e-04
-1.054587911619578712e-03
-6.986703101264921719e-04
4.289391792237613434e-10
4.289391812409723235e-10
7.188413926668929359e-04
1.304153943673196396e-03
1.512371870898896386e-03
1.104277484570976523e-03
-4.103557043358302165e-05
-1.866326522135108770e-03
-4.152070237063847612e-03
-6.608775019397976173e-03
-9.023742859615250037e-03
-9.023742859615251771e-03
-1.133984930356649566e-02
-1.330536745243024628e-02
-1.452739633884612622e-02
-1.466457737505289308e-02
-1.354278775960719890e-02
-1.121233232484120101e-02
-7.929965029579648383e-03
-4.072113525996105647e-03
2.407353217440513593e-09
2.407353206077774641e-09
4.056709317696999273e-03
7.733613791242590838e-03
1.044721345263012989e-02
1.177353207474225900e-02
1.173070778484778566e-02
1.081993803622402842e-02
9.777018525597496248e-03
9.165081729689345674e-03
9.048500314263820815e-03
