3.200000000000009087e-02 1.200000000000005645e-01
3.199990281720937330e-02 1.200003196625709506e-01
3.199922986232282135e-02 1.200025184429688307e-01
3.199742532646806387e-02 1.200083697070776501e-01
3.199395477774676089e-02 1.200195337227090292e-01
3.198830466454304078e-02 1.200375602004986331e-01
3.197998177283890159e-02 1.200638908723369869e-01
3.196851265231125810e-02 1.200998620939061623e-01
3.195344302467626602e-02 1.201467074589748218e-01
3.193433718649911490e-02 1.202055604141651357e-01
3.191077741748280655e-02 1.202774568639738695e-01
3.188236340407728242e-02 1.203633377569177654e-01
3.184871168710074613e-02 1.204640516448013260e-01
3.180945514093377197e-02 1.205803572082581043e-01
3.176424249073093314e-02 1.207129257429054858e-01
3.171273787299445229e-02 1.208623436016616204e-01
3.165462044377111150e-02 1.210291145899906606e-01
3.158958403767064133e-02 1.212136623120593087e-01
3.151733687986497945e-02 1.214163324669829402e-01
3.143760135221812524e-02 1.216373950955038086e-01
3.135011381372153350e-02 1.218770467785559031e-01
3.125462447447546754e-02 1.221354127902179454e-01
3.115089732156874763e-02 1.224125492085272604e-01
3.103871009437389472e-02 1.227084449884997958e-01
3.091785430599692380e-02 1.230230240024750149e-01
3.078813530690734102e-02 1.233561470535634863e-01
3.064937238612936918e-02 1.237076138685090226e-01
3.050139890480377258e-02 1.240771650766896994e-01
3.034406245643636243e-02 1.244644841822569459e-01
3.017722504773745831e-02 1.248691995365603102e-01
3.000076329362911035e-02 1.252908863180184629e-01
2.981456861975591288e-02 1.257290685264796926e-01
2.961854746568314337e-02 1.261832209988771047e-01
2.941262148190227493e-02 1.266527714526229087e-01
2.919672771378953660e-02 1.271371025627174300e-01
2.897081876577627807e-02 1.276355540779789410e-01
2.873486293919003814e-02 1.281474249811412058e-01
2.848884433750752815e-02 1.286719756968293660e-01
2.823276293312376034e-02 1.292084303506254583e-01
2.796663459017980150e-02 1.297559790815863145e-01
2.769049103849915983e-02 1.303137804096921037e-01
2.740437979425505363e-02 1.308809636588028069e-01
2.710836402361932115e-02 1.314566314347919429e-01
2.680252234632183803e-02 1.320398621576311382e-01
2.648694857676814687e-02 1.326297126453316322e-01
2.616175140111436787e-02 1.332252207468174743e-01
2.582705398947262795e-02 1.338254080200322049e-01
2.548299354320764445e-02 1.344292824508704354e-01
2.512972077807678478e-02 1.350358412078970782e-01
2.476739934475030019e-02 1.356440734272724991e-01
2.439620518901787841e-02 1.362529630218580479e-01
2.401632585473065240e-02 1.368614915081317052e-01
2.362795973323575383e-02 1.374686408443119845e-01
2.323131526372480826e-02 1.380733962729651931e-01
2.282661008952933598e-02 1.386747491613644634e-01
2.241407017594756329e-02 1.392716998329734113e-01
2.199392889567178266e-02 1.398632603836465482e-01
2.156642608829678273e-02 1.404484574764584826e-01
2.113180710072310939e-02 1.410263351095035200e-01
2.069032181551986455e-02 1.415959573515237768e-01
2.024222367447721729e-02 1.421564110408272408e-01
1.978776870465730892e-02 1.427068084436375894e-01
1.932721455424236956e-02 1.432462898687541508e-01
1.886081954538115432e-02 1.437740262361937860e-01
1.838884175105136992e-02 1.442892215983067883e-01
1.791153810268742916e-02 1.447911156127123511e-01
1.742916353497556831e-02 1.452789859672428130e-01
1.694197017379377168e-02 1.457521507579389308e-01
1.645020657278026613e-02 1.462099708219528615e-01
1.595411700345580885e-02 1.466518520279994631e-01
1.545394080320950693e-02 1.470772475277263014e-01
1.494991178479324057e-02 1.474856599720348604e-01
1.444225771026378183e-02 1.478766436969702613e-01
1.393119983157339523e-02 1.482498068842933725e-01
1.341695249924869902e-02 1.486048137022407956e-01
1.289972283982189320e-02 1.489413864322717274e-01
1.237971050190087019e-02 1.492593075877680364e-01
1.185710746999086261e-02 1.495584220307145107e-01
1.133209794442497156e-02 1.498386390923167333e-01
1.080485828503006257e-02 1.500999347033303011e-01
1.027555701546164525e-02 1.503423535395666533e-01
9.744354884493607039e-03 1.505660111876220564e-01
9.211404979958606742e-03 1.507710963353458555e-01
8.676852890510801039e-03 1.509578729909357708e-01
8.140836909934395446e-03 1.511266827338290930e-01
7.603488278359469416e-03 1.512779469997639348e-01
7.064931454479976211e-03 1.514121694015274910e-01
6.525284412705930313e-03 1.515299380860012646e-01
5.984658959133830856e-03 1.516319281271822361e-01
5.443161060292843814e-03 1.517189039539036943e-01
4.900891178830486111e-03 1.517917218100386378e-01
4.357944610647166393e-03 1.518513322440389890e-01
3.814411818484071508e-03 1.518987826237728211e-01
3.270378757621245688e-03 1.519352196717733139e-01
2.725927190161424318e-03 1.519618920152273900e-01
2.181134985368334608e-03 1.519801527442962985e-01
1.636076404705645929e-03 1.519914619716943860e-01
1.090822371590943751e-03 1.519973893858307112e-01
5.454407274520447916e-04 1.519996167892348760e-01
-3.522546998099504438e-09 1.519999406134072417e-01
-3.522546998099509814e-09 1.519999406134071029e-01
-5.454475042544580784e-04 1.519998374891835535e-01
-1.090825200731886536e-03 1.519991236323570416e-01
-1.636062494335155902e-03 1.519972101849976498e-01
-2.181077025346590727e-03 1.519935318266209534e-01
-2.725778522940587416e-03 1.519875464128504494e-01
-3.270069133536873847e-03 1.519787346113382343e-01
-3.813843745738030276e-03 1.519665995354212429e-01
-4.356990311189656330e-03 1.519506663759755960e-01
-4.899390160834852376e-03 1.519304820319176130e-01
-5.440918316159774025e-03 1.519056147397885304e-01
-5.981443795144108025e-03 1.518756537028459475e-01
-6.520829912739773207e-03 1.518402087200714790e-01
-7.058934575802586382e-03 1.517989098154887140e-01
-7.595610572495932640e-03 1.517514068681690975e-01
-8.130705856271949403e-03 1.516973692432833642e-01
-8.664063824614957540e-03 1.516364854245356164e-01
-9.195523592803714688e-03 1.515684626482939890e-01
-9.724920263013633187e-03 1.514930265397050335e-01
-1.025208518913740992e-02 1.514099207510530010e-01
-1.077684623775286392e-02 1.513189066025946161e-01
-1.129902804570982917e-02 1.512197627260687682e-01
-1.181845227484447022e-02 1.511122847110487055e-01
-1.233493786435878661e-02 1.509962847542702380e-01
-1.284830128142600870e-02 1.508715913120345087e-01
-1.335835677059938643e-02 1.507380487557496151e-01
-1.386491660261163911e-02 1.505955170306394197e-01
-1.436779132315730081e-02 1.504438713176139697e-01
-1.486679000224813696e-02 1.502830016982596995e-01
-1.536172048472526051e-02 1.501128128228754466e-01
-1.585238964249940236e-02 1.499332235814463954e-01
-1.633860362907364402e-02 1.497441667774182528e-01
-1.682016813688158238e-02 1.495455888041028469e-01
-1.729688865794810557e-02 1.493374493235192224e-01
-1.776857074835036174e-02 1.491197209474498520e-01
-1.823502029692357709e-02 1.488923889204674389e-01
-1.869604379862026960e-02 1.486554508046675493e-01
-1.915144863289261479e-02 1.484089161658247169e-01
-1.960104334742672830e-02 1.481528062606750351e-01
-2.004463794751485534e-02 1.478871537250159574e-01
-2.048204419130679813e-02 1.476120022623055583e-01
-2.091307589113695561e-02 1.473274063324376826e-01
-2.133754922107669941e-02 1.470334308403664081e-01
-2.175528303081616585e-02 1.467301508242548902e-01
-2.216609916593260607e-02 1.464176511428258998e-01
-2.256982279455724272e-02 1.460960261615991129e-01
-2.296628274040746903e-02 1.457653794377095913e-01
-2.335531182210744475e-02 1.454258234030134933e-01
-2.373674719867817709e-02 1.450774790452042662e-01
-2.411043072103743329e-02 1.447204755866776105e-01
-2.447620928931184409e-02 1.443549501609072139e-01
-2.483393521572730203e-02 1.439810474861115686e-01
-2.518346659281042732e-02 1.435989195360210247e-01
-2.552466766660316938e-02 1.432087252075767703e-01
-2.585740921456452374e-02 1.428106299854247641e-01
-2.618156892780920328e-02 1.424048056030938481e-01
-2.649703179731054126e-02 1.419914297007805748e-01
-2.680369050367743811e-02 1.415706854796927872e-01
-2.710144581009911804e-02 1.411427613529368241e-01
-2.739020695804003300e-02 1.407078505929658108e-01
-2.766989206525817535e-02 1.402661509756385205e-01
-2.794042852571447175e-02 1.398178644209712440e-01
-2.820175341093817192e-02 1.393631966306972114e-01
-2.845381387241362539e-02 1.389023567227795075e-01
-2.869656754455619102e-02 1.384355568630537825e-01
-2.892998294785106492e-02 1.379630118942073713e-01
-2.915403989173593474e-02 1.374849389623294671e-01
-2.936872987681817329e-02 1.370015571412933619e-01
-2.957405649602867087e-02 1.365130870552578313e-01
-2.977003583432689601e-02 1.360197504995972195e-01
-2.995669686658567615e-02 1.355217700605912678e-01
-3.013408185329821687e-02 1.350193687342254589e-01
-3.030224673376481076e-02 1.345127695444679194e-01
-3.046126151643075916e-02 1.340021951614054352e-01
-3.061121066606114702e-02 1.334878675196307096e-01
-3.075219348745057008e-02 1.329700074372840990e-01
-3.088432450537754656e-02 1.324488342361587745e-01
-3.100773384052217183e-02 1.319245653632826476e-01
-3.112256758107294005e-02 1.313974160143916714e-01
-3.122898814975193227e-02 1.308675987597077428e-01
-3.132717466598853445e-02 1.303353231724310723e-01
-3.141732330296798797e-02 1.298007954603494496e-01
-3.149964763927297351e-02 1.292642181009597824e-01
-3.157437900482389093e-02 1.287257894804833824e-01
-3.164176682080455105e-02 1.281857035371465614e-01
-3.170207893323567089e-02 1.276441494090774509e-01
-3.175560193982768231e-02 1.271013110871595519e-01
-3.180264150970608245e-02 1.265573670731551248e-01
-3.184352269555703469e-02 1.260124900433973461e-01
-3.187859023768696565e-02 1.254668465183240988e-01
-3.190820885942783486e-02 1.249205965381039868e-01
-3.193276355324772137e-02 1.243738933445813488e-01
-3.195265985684514476e-02 1.238268830697413642e-01
-3.196832411841374344e-02 1.232797044308700796e-01
-3.198020375016143863e-02 1.227324884325621396e-01
-3.198876746905316565e-02 1.221853580756990659e-01
-3.199450552362077121e-02 1.216384280734989498e-01
-3.199792990554312794e-02 1.210918045747145788e-01
-3.199957454454687572e-02 1.205455848940311381e-01
-3.199999548501037544e-02 1.199998572496960847e-01
-3.199999548501038238e-02 1.199998572496960431e-01
-3.199957531784031195e-02 1.194546808795426684e-01
-3.199793588379885867e-02 1.189100357368911842e-01
-3.199452501401827548e-02 1.183658964650751988e-01
-3.198881207877943278e-02 1.178222537297736461e-01
-3.198028784332848651e-02 1.172791136944373036e-01
-3.196846430372560222e-02 1.167364974893820989e-01
-3.195287450474076224e-02 1.161944406753282755e-01
-3.193307234157751612e-02 1.156529927021241050e-01
-3.190863234699306550e-02 1.151122163633570561e-01
-3.187914946518813353e-02 1.145721872475253811e-01
-3.184423881366461873e-02 1.140329931864148688e-01
-3.180353543409028538e-02 1.134947337013057223e-01
-3.175669403306696781e-02 1.129575194476117872e-01
-3.170338871357190891e-02 1.124214716585398288e-01
-3.164331269772917982e-02 1.118867215883395938e-01
-3.157617804146913010e-02 1.113534099557056956e-01
-3.150171534154820596e-02 1.108216863878771635e-01
-3.141967343532753310e-02 1.102917088659724765e-01
-3.132981909364638412e-02 1.097636431720860201e-01
-3.123193670707553188e-02 1.092376623386627776e-01
-3.112582796579322839e-02 1.087139461006573077e-01
-3.101131153329488369e-02 1.081926803509721535e-01
-3.088822271412362819e-02 1.076740565996577303e-01
-3.075641311579283693e-02 1.071582714373460338e-01
-3.061575030506315243e-02 1.066455260033718766e-01
-3.046611745873429450e-02 1.061360254590223706e-01
-3.030741300911515140e-02 1.056299784663358443e-01
-3.013955028434420202e-02 1.051275966728521527e-01
-2.996245714374527053e-02 1.046290942026937842e-01
-2.977607560841993850e-02 1.041346871543333413e-01
-2.958036148729777104e-02 1.036445931053759373e-01
-2.937528399888713129e-02 1.031590306246563393e-01
-2.916082538899363030e-02 1.026782187919193789e-01
-2.893698054469762831e-02 1.022023767253184695e-01
-2.870375660490822461e-02 1.017317231169317521e-01
-2.846117256783649990e-02 1.012664757764563106e-01
-2.820925889575584544e-02 1.008068511832021508e-01
-2.794805711744175608e-02 1.003530640464654622e-01
-2.767761942870551606e-02 9.990532687431605274e-02
-2.739800829145776218e-02 9.946384955079069778e-02
-2.710929603175596392e-02 9.902883892143535260e-02
-2.681156443730624631e-02 9.860049838709501746e-02
-2.650490435490272106e-02 9.817902750579832194e-02
-2.618941528829775087e-02 9.776462160253841793e-02
-2.586520499700270537e-02 9.735747138670158840e-02
-2.553238909652182434e-02 9.695776257684583788e-02
-2.519109066052074852e-02 9.656567553248569802e-02
-2.484143982542667828e-02 9.618138489249067336e-02
-2.448357339794801982e-02 9.580505921965816463e-02
-2.411763446598909344e-02 9.543686065098039295e-02
-2.374377201341847793e-02 9.507694455307791337e-02
-2.336214053912904001e-02 9.472545918223516936e-02
-2.297289968080344982e-02 9.438254534843509846e-02
-2.257621384377075935e-02 9.404833608275345314e-02
-2.217225183530793092e-02 9.372295630744448269e-02
-2.176118650470550142e-02 9.340652250801920187e-02
-2.134319438937812979e-02 9.309914240659503126e-02
-2.091845536726034960e-02 9.280091463577501421e-02
-2.048715231568374109e-02 9.251192841229979869e-02
-2.004947077688674917e-02 9.223226320970420722e-02
-1.960559863025988780e-02 9.196198842920574879e-02
-1.915572577138052734e-02 9.170116306805033146e-02
-1.870004379784050152e-02 9.144983538454705407e-02
-1.823874570181890920e-02 9.120804255903239288e-02
-1.777202556930030167e-02 9.097581035002223759e-02
-1.730007828578740414e-02 9.075315274482986805e-02
-1.682309924830571735e-02 9.054007160395766141e-02
-1.634128408344700384e-02 9.033655629860176672e-02
-1.585482837115010854e-02 9.014258334065003431e-02
-1.536392737386938281e-02 8.995811600459774349e-02
-1.486877577073643895e-02 8.978310394085625701e-02
-1.436956739627807435e-02 8.961748277998776713e-02
-1.386649498321405362e-02 8.946117372745934770e-02
-1.335974990882188643e-02 8.931408314857822162e-02
-1.284952194432459685e-02 8.917610214334295571e-02
-1.233599900672904121e-02 8.904710611102187312e-02
-1.181936691252002437e-02 8.892695430435157422e-02
-1.129980913259773928e-02 8.881548937333744176e-02
-1.077750654783398744e-02 8.871253689872350690e-02
-1.025263720461703706e-02 8.861790491529988878e-02
-9.725376069754784400e-03 8.853138342530555982e-02
-9.195894784114094431e-03 8.845274390229064532e-02
-8.664361414387540539e-03 8.838173878590155352e-02
-8.130940202401449463e-03 8.831810096815867483e-02
-7.595791311408167656e-03 8.826154327190084692e-02
-7.059070568843816423e-03 8.821175792218205469e-02
-6.520929205078540916e-03 8.816841601151080565e-02
-5.981513587741436183e-03 8.813116695993405969e-02
-5.440964951266053298e-03 8.809963797107929484e-02
-4.899419121376084874e-03 8.807343348537363670e-02
-4.357006234312708198e-03 8.805213463177581634e-02
-3.813850450698651716e-03 8.803529867946210952e-02
-3.270069664036047517e-03 8.802245849101970887e-02
-2.725775203947961543e-03 8.801312197881545896e-02
-2.181071534398493911e-03 8.800677156631495079e-02
-1.636055947258858350e-03 8.800286365624504503e-02
-1.090818251735095569e-03 8.800082810760748164e-02
-5.454404603288202100e-04 8.800006772367141572e-02
3.527826436519627305e-09 8.799995775319531532e-02
3.527826424029625226e-09 8.799995775319534308e-02
5.454477755192450785e-04 8.800026084011280947e-02
1.090829385782256158e-03 8.800234561533933075e-02
1.636083275558669180e-03 8.800789357639422772e-02
2.181141479586397227e-03 8.801847922561911730e-02
2.725932910555302520e-03 8.803557272017312196e-02
3.270383110259992947e-03 8.806054261642051739e-02
3.814413988568778925e-03 8.809465867658312910e-02
4.357943548683313600e-03 8.813909470863984241e-02
4.900885598615647293e-03 8.819493141344068865e-02
5.443149450070367684e-03 8.826315921588663571e-02
5.984639607000101155e-03 8.834468105982849762e-02
6.525255447012891750e-03 8.844031514906919300e-02
7.064890899560577822e-03 8.855079761951976935e-02
7.603434125437623023e-03 8.867678513015521402e-02
8.140767202579919995e-03 8.881885736294024836e-02
8.676765823481999082e-03 8.897751942433869410e-02
9.211299009757570669e-03 8.915320414336594390e-02
9.744228849461456649e-03 8.934627426339515621e-02
1.027541026277821803e-02 8.955702452705344152e-02
1.080469080157301157e-02 8.978568365554945307e-02
1.133191048810011647e-02 9.003241622563223912e-02
1.185690169788233134e-02 9.029732444909324696e-02
1.237948909141707576e-02 9.058044986127164466e-02
1.289948959893928715e-02 9.088177492640046873e-02
1.341671246198503954e-02 9.120122456883540674e-02
1.393095933495909142e-02 9.153866764022376701e-02
1.444202444932271220e-02 9.189391833350932237e-02
1.494969484239111988e-02 9.226673755530914733e-02
1.545375065207059764e-02 9.265683426866147543e-02
1.595396547818155042e-02 9.306386681841360975e-02
1.645010681031202487e-02 9.348744425161091554e-02
1.694193652143562503e-02 9.392712764516471247e-02
1.742921142581465785e-02 9.438243145282136648e-02
1.791168389900383434e-02 9.485282488304526416e-02
1.838910255707740249e-02 9.533773331886720437e-02
1.886121299153412437e-02 9.583653979005171686e-02
1.932775855569575374e-02 9.634858650711863870e-02
1.978848119781509429e-02 9.687317646582552233e-02
2.024312233555660562e-02 9.740957512969650178e-02
2.069142376601252470e-02 9.795701219708805030e-02
2.113312860497934542e-02 9.851468345812378069e-02
2.156798224884739004e-02 9.908175274563443824e-02
2.199573335215809083e-02 9.965735398301617254e-02
2.241613481366282884e-02 1.002405933306928093e-01
2.282894476357886018e-02 1.008305514316487073e-01
2.323392754468515259e-02 1.014262857553091535e-01
2.363085467993527450e-02 1.020268330378989174e-01
2.401950581938810600e-02 1.026312118163207332e-01
2.439966965946908928e-02 1.032384250515829271e-01
2.477114482787389632e-02 1.038474628368717123e-01
2.513374072781087917e-02 1.044573051845366918e-01
2.548727833574403190e-02 1.050669248855270188e-01
2.583159094734012451e-02 1.056752904342058430e-01
2.616652486693624852e-02 1.062813690109777054e-01
2.649194003651956716e-02 1.068841295147948539e-01
2.680771060094266217e-02 1.074825456373633137e-01
2.711372540687551416e-02 1.080755989707538472e-01
2.740988843380987028e-02 1.086622821401251604e-01
2.769611915627315235e-02 1.092416019533882510e-01
2.797235283726610955e-02 1.098125825598803285e-01
2.823854075380011208e-02 1.103742686104498272e-01
2.849465035626510059e-02 1.109257284117917963e-01
2.874066536419602608e-02 1.114660570683888574e-01
2.897658580181314281e-02 1.119943796060012403e-01
2.920242797747883007e-02 1.125098540712953510e-01
2.941822441192932722e-02 1.130116746028904939e-01
2.962402372079524920e-02 1.134990744698243792e-01
2.981989045750885886e-02 1.139713290741687923e-01
3.000590492320200087e-02 1.144277589152631613e-01
3.018216295061727089e-02 1.148677325137525684e-01
3.034877566938053856e-02 1.152906692943073685e-01
3.050586926020940753e-02 1.156960424265538606e-01
3.065358470575599986e-02 1.160833816243439370e-01
3.079207754579831730e-02 1.164522759040293037e-01
3.092151764440303346e-02 1.168023763028764178e-01
3.104208897648141202e-02 1.171333985591471866e-01
3.115398944084929456e-02 1.174451257556899664e-01
3.125743070648537986e-02 1.177374109291151605e-01
3.135263809816011410e-02 1.180101796467885045e-01
3.143985052698557159e-02 1.182634325539520803e-01
3.151932047072011911e-02 1.184972478932997120e-01
3.159131400785530897e-02 1.187117839992826718e-01
3.165611090862478078e-02 1.189072817693304918e-01
3.171400478511265941e-02 1.190840671140445811e-01
3.176530330161062010e-02 1.192425533882798677e-01
3.181032844528795811e-02 1.193832438048900851e-01
3.184941685610481743e-02 1.195067338327941986e-01
3.188292021372671897e-02 1.196137135809491464e-01
3.191120567799408947e-02 1.197049701698067181e-01
3.193465637827518078e-02 1.197813900919105917e-01
3.195367194578763170e-02 1.198439615634807054e-01
3.196866908172137089e-02 1.198937768691502315e-01
3.198008215273687171e-02 1.199320347024778605e-01
3.198836380414536718e-02 1.199600425054827002e-01
3.199398557980604602e-02 1.199792188112307201e-01
3.199743853648662900e-02 1.199910955944547275e-01
3.199923383912403607e-02 1.199973206363001144e-01
3.199990332207045679e-02 1.199996599105436074e-01
3.200000000000009087e-02 1.200000000000004952e-01
