1.500000000000000777e-01 1.200000000000005507e-01
1.499998894448585363e-01 1.200019341648061455e-01
1.499995677174235376e-01 1.200077236102211342e-01
1.499990493813274373e-01 1.200173488237348818e-01
1.499983485501366620e-01 1.200307903733446591e-01
1.499974788968493900e-01 1.200480289064621287e-01
1.499964536631859802e-01 1.200690451487328586e-01
1.499952856686711800e-01 1.200938199027724862e-01
1.499939873195078599e-01 1.201223340468217937e-01
1.499925706172419160e-01 1.201545685333243463e-01
1.499910471672180612e-01 1.201905043874296475e-01
1.499894281868259238e-01 1.202301227054243249e-01
1.499877245135366188e-01 1.202734046530948009e-01
1.499859466127293206e-01 1.203203314640239330e-01
1.499841045853075316e-01 1.203708844378245935e-01
1.499822081751056024e-01 1.204250449383128113e-01
1.499802667760840591e-01 1.204827943916235156e-01
1.499782894393153210e-01 1.205441142842711144e-01
1.499762848797583648e-01 1.206089861611579772e-01
1.499742614828232512e-01 1.206773916235331506e-01
1.499722273107245984e-01 1.207493123269040430e-01
1.499701901086253342e-01 1.208247299789032836e-01
1.499681573105692001e-01 1.209036263371137954e-01
1.499661360452033965e-01 1.209859832068539837e-01
1.499641331412908118e-01 1.210717824389256209e-01
1.499621551330120039e-01 1.211610059273269258e-01
1.499602082650571544e-01 1.212536356069330024e-01
1.499582984975082467e-01 1.213496534511461361e-01
1.499564315105113288e-01 1.214490414695175990e-01
1.499546127087394709e-01 1.215517817053443084e-01
1.499528472256459466e-01 1.216578562332412544e-01
1.499511399275088586e-01 1.217672471566925846e-01
1.499494954172663486e-01 1.218799366055836053e-01
1.499479180381434185e-01 1.219959067337149927e-01
1.499464118770704735e-01 1.221151397163020152e-01
1.499449807678932267e-01 1.222376177474604336e-01
1.499436282943754639e-01 1.223633230376811182e-01
1.499423577929938356e-01 1.224922378112952848e-01
1.499411723555256482e-01 1.226243443039321812e-01
1.499400748314296539e-01 1.227596247599715001e-01
1.499390678300207003e-01 1.228980614299917257e-01
1.499381537224377947e-01 1.230396365682169119e-01
1.499373346434068333e-01 1.231843324299628784e-01
1.499366124927978272e-01 1.233321312690854599e-01
1.499359889369772658e-01 1.234830153354319338e-01
1.499354654099560036e-01 1.236369668722974435e-01
1.499350431143333107e-01 1.237939681138880699e-01
1.499347230220371141e-01 1.239540012827923532e-01
1.499345058748615955e-01 1.241170485874626417e-01
1.499343921848019234e-01 1.242830922197079718e-01
1.499343822341871746e-01 1.244521143521998552e-01
1.499344760756121109e-01 1.246240971359928867e-01
1.499346735316676449e-01 1.247990226980610073e-01
1.499349741944713543e-01 1.249768731388515297e-01
1.499353774249985449e-01 1.251576305298579550e-01
1.499358823522140005e-01 1.253412769112132175e-01
1.499364878720057526e-01 1.255277942893043286e-01
1.499371926459212856e-01 1.257171646344104610e-01
1.499379950997064559e-01 1.259093698783649018e-01
1.499388934216490665e-01 1.261043919122431245e-01
1.499398855607263492e-01 1.263022125840772836e-01
1.499409692245584624e-01 1.265028136965992422e-01
1.499421418771680337e-01 1.267061770050126879e-01
1.499434007365470500e-01 1.269122842147958063e-01
1.499447427720317638e-01 1.271211169795355977e-01
1.499461647014864452e-01 1.273326568987952212e-01
1.499476629882975365e-01 1.275468855160149795e-01
1.499492338381782364e-01 1.277637843164484144e-01
1.499508731957854002e-01 1.279833347251342068e-01
1.499525767411495625e-01 1.282055181049056303e-01
1.499543398859188303e-01 1.284303157544374463e-01
1.499561577694181191e-01 1.286577089063322410e-01
1.499580252545251458e-01 1.288876787252467015e-01
1.499599369233635404e-01 1.291202063060583882e-01
1.499618870728154085e-01 1.293552726720748336e-01
1.499638697098537310e-01 1.295928587732849135e-01
1.499658785466962407e-01 1.298329454846537945e-01
1.499679069957825517e-01 1.300755136044623450e-01
1.499699481645751231e-01 1.303205438526912896e-01
1.499719948501863076e-01 1.305680168694516585e-01
1.499740395338323429e-01 1.308179132134615064e-01
1.499760743751164249e-01 1.310702133605701480e-01
1.499780912061418336e-01 1.313248977023302455e-01
1.499800815254570818e-01 1.315819465446187719e-01
1.499820364918349191e-01 1.318413401063069923e-01
1.499839469178864404e-01 1.321030585179806816e-01
1.499858032635124627e-01 1.323670818207106359e-01
1.499875956291937262e-01 1.326333899648743653e-01
1.499893137491219997e-01 1.329019628090293004e-01
1.499909469841738674e-01 1.331727801188381799e-01
1.499924843147291686e-01 1.334458215660472291e-01
1.499939143333358371e-01 1.337210667275168796e-01
1.499952252372240835e-01 1.339984950843066125e-01
1.499964048206706979e-01 1.342780860208133420e-01
1.499974404672168860e-01 1.345598188239642556e-01
1.499983191417409156e-01 1.348436726824640830e-01
1.499990273823886000e-01 1.351296266860977924e-01
1.499995512923630314e-01 1.354176598250880770e-01
1.499998765315772031e-01 1.357077509895089074e-01
1.499999883081702401e-01 1.359998789687545118e-01
1.499999883081702401e-01 1.359998789687544563e-01
1.499999955815001229e-01 1.361214307990887828e-01
1.500000167313579047e-01 1.362432352093052856e-01
1.500000507711011510e-01 1.363652823849527684e-01
1.500000967388878670e-01 1.364875625070192666e-01
1.500001536977427774e-01 1.366100657520602224e-01
1.500002207356141426e-01 1.367327822923296576e-01
1.500002969654200546e-01 1.368557022959130953e-01
1.500003815250854355e-01 1.369788159268629513e-01
1.500004735775685438e-01 1.371021133453358964e-01
1.500005723108779609e-01 1.372255847077323843e-01
1.500006769380791971e-01 1.373492201668379264e-01
1.500007866972916659e-01 1.374730098719663118e-01
1.500009008516752784e-01 1.375969439691046015e-01
1.500010186894073505e-01 1.377210126010596780e-01
1.500011395236491574e-01 1.378452059076067104e-01
1.500012626925026349e-01 1.379695140256383956e-01
1.500013875589567836e-01 1.380939270893165316e-01
1.500015135108242470e-01 1.382184352302241181e-01
1.500016399606673156e-01 1.383430285775191504e-01
1.500017663457144101e-01 1.384676972580892451e-01
1.500018921277656292e-01 1.385924313967074883e-01
1.500020167930888049e-01 1.387172211161892821e-01
1.500021398523048166e-01 1.388420565375498017e-01
1.500022608402630242e-01 1.389669277801624525e-01
1.500023793159062924e-01 1.390918249619177149e-01
1.500024948621256904e-01 1.392167381993830444e-01
1.500026070856049776e-01 1.393416576079627434e-01
1.500027156166546527e-01 1.394665733020585274e-01
1.500028201090359836e-01 1.395914753952303689e-01
1.500029202397740735e-01 1.397163540003573123e-01
1.500030157089610738e-01 1.398411992297988182e-01
1.500031062395487669e-01 1.399660011955557726e-01
1.500031915771306568e-01 1.400907500094316360e-01
1.500032714897135411e-01 1.402154357831931764e-01
1.500033457674791182e-01 1.403400486287312843e-01
1.500034142225339095e-01 1.404645786582212896e-01
1.500034766886501336e-01 1.405890159842827503e-01
1.500035330209947837e-01 1.407133507201387690e-01
1.500035830958486305e-01 1.408375729797748110e-01
1.500036268103147052e-01 1.409616728780966888e-01
1.500036640820157363e-01 1.410856405310875750e-01
1.500036948487813160e-01 1.412094660559645998e-01
1.500037190683240762e-01 1.413331395713339766e-01
1.500037367179051506e-01 1.414566511973451290e-01
1.500037477939892006e-01 1.415799910558442065e-01
1.500037523118880056e-01 1.417031492705253803e-01
1.500037503053939514e-01 1.418261159670815841e-01
1.500037418264020816e-01 1.419488812733536165e-01
1.500037269445216870e-01 1.420714353194774404e-01
1.500037057466767354e-01 1.421937682380303436e-01
1.500036783366952564e-01 1.423158701641749346e-01
1.500036448348881779e-01 1.424377312358017789e-01
1.500036053776166722e-01 1.425593415936698416e-01
1.500035601168488442e-01 1.426806913815451550e-01
1.500035092197050113e-01 1.428017707463374308e-01
1.500034528679922430e-01 1.429225698382344811e-01
1.500033912577272976e-01 1.430430788108346396e-01
1.500033245986490127e-01 1.431632878212765470e-01
1.500032531137187597e-01 1.432831870303669930e-01
1.500031770386102969e-01 1.434027666027059278e-01
1.500030966211879924e-01 1.435220167068092245e-01
1.500030121209737777e-01 1.436409275152288056e-01
1.500029238086029448e-01 1.437594892046699380e-01
1.500028319652683406e-01 1.438776919561058354e-01
1.500027368821532370e-01 1.439955259548898192e-01
1.500026388598527938e-01 1.441129813908637314e-01
1.500025382077839475e-01 1.442300484584642384e-01
1.500024352435839203e-01 1.443467173568255546e-01
1.500023302924970159e-01 1.444629782898794179e-01
1.500022236867497583e-01 1.445788214664514293e-01
1.500021157649147896e-01 1.446942371003545336e-01
1.500020068712624999e-01 1.448092154104789753e-01
1.500018973551014712e-01 1.449237466208790626e-01
1.500017875701070980e-01 1.450378209608561286e-01
1.500016778736378009e-01 1.451514286650383012e-01
1.500015686260404713e-01 1.452645599734566917e-01
1.500014601899431199e-01 1.453772051316175595e-01
1.500013529295360637e-01 1.454893543905712849e-01
1.500012472098411487e-01 1.456009980069772336e-01
1.500011433959687890e-01 1.457121262431649300e-01
1.500010418523633760e-01 1.458227293671914282e-01
1.500009429420359752e-01 1.459327976528945747e-01
1.500008470257856719e-01 1.460423213799424969e-01
1.500007544614081201e-01 1.461512908338789274e-01
1.500006656028924079e-01 1.462596963061645328e-01
1.500005807996052376e-01 1.463675280942140500e-01
1.500005003954632266e-01 1.464747765014293712e-01
1.500004247280926906e-01 1.465814318372282432e-01
1.500003541279770758e-01 1.466874844170688863e-01
1.500002889175921506e-01 1.467929245624703671e-01
1.500002294105284573e-01 1.468977426010281417e-01
1.500001759106016075e-01 1.470019288664261570e-01
1.500001287109499204e-01 1.471054736984432898e-01
1.500000880931193770e-01 1.472083674429568723e-01
1.500000543261362784e-01 1.473106004519403045e-01
1.500000276655669151e-01 1.474121630834570318e-01
1.500000083525647454e-01 1.475130457016497754e-01
1.499999966129048345e-01 1.476132386767250171e-01
1.499999926560054986e-01 1.477127323849334872e-01
1.499999926560054986e-01 1.477127323849334872e-01
1.499999946644791360e-01 1.477885805416891962e-01
1.500000004179072310e-01 1.478639737396773290e-01
1.500000095207648376e-01 1.479389054640807277e-01
1.500000215940185122e-01 1.480133692025810688e-01
1.500000362749616678e-01 1.480873584453525627e-01
1.500000532170445156e-01 1.481608666850531275e-01
1.500000720896975115e-01 1.482338874168150356e-01
1.500000925781493633e-01 1.483064141382327283e-01
1.500001143832385697e-01 1.483784403493499937e-01
1.500001372212194650e-01 1.484499595526448390e-01
1.500001608235619899e-01 1.485209652530126989e-01
1.500001849367456896e-01 1.485914509577484222e-01
1.500002093220476340e-01 1.486614101765261486e-01
1.500002337553245357e-01 1.487308364213774103e-01
1.500002580267886243e-01 1.487997232066680664e-01
1.500002819407779409e-01 1.488680640490728790e-01
1.500003053155203325e-01 1.489358524675490070e-01
1.500003279828916458e-01 1.490030819833072506e-01
1.500003497881680359e-01 1.490697461197821039e-01
1.500003705897721418e-01 1.491358384025995854e-01
1.500003902590134330e-01 1.492013523595438762e-01
1.500004086798224778e-01 1.492662815205218763e-01
1.500004257484795489e-01 1.493306194175261781e-01
1.500004413733368458e-01 1.493943595845965699e-01
1.500004554745352492e-01 1.494574955577795128e-01
1.500004679837145805e-01 1.495200208750860627e-01
1.500004788437185044e-01 1.495819290764483500e-01
1.500004880082932146e-01 1.496432137036738663e-01
1.500004954417800684e-01 1.497038683003988069e-01
1.500005011188025594e-01 1.497638864120390267e-01
1.500005050239471560e-01 1.498232615857398864e-01
1.500005071514384225e-01 1.498819873703240435e-01
1.500005075048081171e-01 1.499400573162382733e-01
1.500005060965582671e-01 1.499974649754978739e-01
1.500005029478187757e-01 1.500542039016300733e-01
1.500004980879986460e-01 1.501102676496155752e-01
1.500004915544315975e-01 1.501656497758285524e-01
1.500004833920157155e-01 1.502203438379752787e-01
1.500004736528474103e-01 1.502743433950309848e-01
1.500004623958493544e-01 1.503276420071753827e-01
1.500004496863924786e-01 1.503802332357265237e-01
1.500004355959125013e-01 1.504321106430733801e-01
1.500004202015201848e-01 1.504832677926067896e-01
1.500004035856062345e-01 1.505336982486489839e-01
1.500003858354399533e-01 1.505833955763817567e-01
1.500003670427623448e-01 1.506323533417732174e-01
1.500003473033735824e-01 1.506805651115033784e-01
1.500003267167142884e-01 1.507280244528878821e-01
1.500003053854413737e-01 1.507747249338008688e-01
1.500002834149981590e-01 1.508206601225965393e-01
1.500002609131785014e-01 1.508658235880290244e-01
1.500002379896854254e-01 1.509102088991716439e-01
1.500002147556840082e-01 1.509538096253344175e-01
1.500001913233485196e-01 1.509966193359806863e-01
1.500001678054038168e-01 1.510386316006427088e-01
1.500001443146612712e-01 1.510798399888355070e-01
1.500001209635489774e-01 1.511202380699706582e-01
1.500000978636361892e-01 1.511598194132681150e-01
1.500000751251522046e-01 1.511985775876676374e-01
1.500000528564998936e-01 1.512365061617388373e-01
1.500000311637632311e-01 1.512735987035905283e-01
1.500000101502095007e-01 1.513098487807792436e-01
1.499999899157860583e-01 1.513452499602167822e-01
1.499999705566111841e-01 1.513797958080768669e-01
1.499999521644598266e-01 1.514134798897013856e-01
1.499999348262436027e-01 1.514462957695054957e-01
1.499999186234853565e-01 1.514782370108823384e-01
1.499999036317883894e-01 1.515092971761069218e-01
1.499998899203001113e-01 1.515394698262398365e-01
1.499998775511701965e-01 1.515687485210298890e-01
1.499998665790036323e-01 1.515971268188165966e-01
1.499998570503080497e-01 1.516245982764323763e-01
1.499998490029359477e-01 1.516511564491038466e-01
1.499998424655215323e-01 1.516767948903535446e-01
1.499998374569120052e-01 1.517015071519005609e-01
1.499998339855939111e-01 1.517252867835616192e-01
1.499998320491139348e-01 1.517481273331518776e-01
1.499998316334947290e-01 1.517700223463852027e-01
1.499998327126450537e-01 1.517909653667750824e-01
1.499998352477653341e-01 1.518109499355350112e-01
1.499998391867474190e-01 1.518299695914792913e-01
1.499998444635696482e-01 1.518480178709238348e-01
1.499998509976865624e-01 1.518650883075872704e-01
1.499998586934135625e-01 1.518811744324922997e-01
1.499998674393064058e-01 1.518962697738673873e-01
1.499998771075358450e-01 1.519103678570490334e-01
1.499998875532570775e-01 1.519234622043842131e-01
1.499998986139741697e-01 1.519355463351338420e-01
1.499999101088995423e-01 1.519466137653763815e-01
1.499999218383087363e-01 1.519566580079124984e-01
1.499999335828897662e-01 1.519656725721705848e-01
1.499999451030881170e-01 1.519736509641128053e-01
1.499999561384464386e-01 1.519805866861422272e-01
1.499999664069397165e-01 1.519864732370112825e-01
1.499999756043053634e-01 1.519913041117309238e-01
1.499999834033688695e-01 1.519950728014810293e-01
1.499999894533642908e-01 1.519977727935225009e-01
1.499999933792505180e-01 1.519993975711100564e-01
1.499999947810223555e-01 1.519999406134071585e-01
1.499999947810223555e-01 1.519999406134071585e-01
1.499999929906659646e-01 1.519995431819839427e-01
1.499999877069866094e-01 1.519983492947459824e-01
1.499999790625584639e-01 1.519963565605393641e-01
1.499999671918514355e-01 1.519935625859218375e-01
1.499999522311167288e-01 1.519899649751381698e-01
1.499999343182692735e-01 1.519855613300960806e-01
1.499999135927681249e-01 1.519803492503434272e-01
1.499998901954944786e-01 1.519743263330458616e-01
1.499998642686270478e-01 1.519674901729654581e-01
1.499998359555151095e-01 1.519598383624402027e-01
1.499998054005491077e-01 1.519513684913643692e-01
1.499997727490290367e-01 1.519420781471697568e-01
1.499997381470301872e-01 1.519319649148079543e-01
1.499997017412668110e-01 1.519210263767333258e-01
1.499996636789531768e-01 1.519092601128871900e-01
1.499996241076623493e-01 1.518966637006829157e-01
1.499995831751828046e-01 1.518832347149918771e-01
1.499995410293725462e-01 1.518689707281305756e-01
1.499994978180108907e-01 1.518538693098487602e-01
1.499994536886480878e-01 1.518379280273186305e-01
1.499994087884525540e-01 1.518211444451250669e-01
1.499993632640558572e-01 1.518035161252568599e-01
1.499993172613953152e-01 1.517850406270994379e-01
1.499992709255547618e-01 1.517657155074281783e-01
1.499992244006022324e-01 1.517455383204034669e-01
1.499991778294263722e-01 1.517245066175664236e-01
1.499991313535699866e-01 1.517026179478360437e-01
1.499990851130614811e-01 1.516798698575078930e-01
1.499990392462441091e-01 1.516562598902533310e-01
1.499989938896032771e-01 1.516317855871206766e-01
1.499989491775911288e-01 1.516064444865372618e-01
1.499989052424494096e-01 1.515802341243129570e-01
1.499988622140300543e-01 1.515531520336451943e-01
1.499988202196132492e-01 1.515251957451247411e-01
1.499987793837238292e-01 1.514963627867435825e-01
1.499987398279452877e-01 1.514666506839038862e-01
1.499987016707314824e-01 1.514360569594282169e-01
1.499986650272165656e-01 1.514045791335715541e-01
1.499986300090224989e-01 1.513722147240345595e-01
1.499985967240643758e-01 1.513389612459782319e-01
1.499985652763540511e-01 1.513048162120405327e-01
1.499985357658011331e-01 1.512697771323539275e-01
1.499985082880122556e-01 1.512338415145650372e-01
1.499984829340880177e-01 1.511970068638556486e-01
1.499984597904180650e-01 1.511592706829651134e-01
1.499984389384736438e-01 1.511206304722150506e-01
1.499984204545986854e-01 1.510810837295348819e-01
1.499984044097982805e-01 1.510406279504895866e-01
1.499983908695253776e-01 1.509992606283091787e-01
1.499983798934652612e-01 1.509569792539194599e-01
1.499983715353180869e-01 1.509137813159752706e-01
1.499983658425793343e-01 1.508696643008947957e-01
1.499983628563180682e-01 1.508246256928960638e-01
1.499983626109532009e-01 1.507786629740351936e-01
1.499983651340280888e-01 1.507317736242467510e-01
1.499983704459822986e-01 1.506839551213855766e-01
1.499983785599221520e-01 1.506352049412707228e-01
1.499983894813887164e-01 1.505855205577313061e-01
1.499984032081238539e-01 1.505348994426546072e-01
1.499984197298344923e-01 1.504833390660356984e-01
1.499984390279544832e-01 1.504308368960293740e-01
1.499984610754047654e-01 1.503773903990040794e-01
1.499984858363512807e-01 1.503229970395979498e-01
1.499985132659609199e-01 1.502676542807769855e-01
1.499985433101556354e-01 1.502113595838950044e-01
1.499985759053641676e-01 1.501541104087564249e-01
1.499986109782721344e-01 1.500959042136806032e-01
1.499986484455697322e-01 1.500367384555687245e-01
1.499986882136978006e-01 1.499766105899727753e-01
1.499987301785915550e-01 1.499155180711670698e-01
1.499987742254224599e-01 1.498534583522215247e-01
1.499988202283380756e-01 1.497904288850780419e-01
1.499988680501998239e-01 1.497264271206284192e-01
1.499989175423186438e-01 1.496614505087952296e-01
1.499989685441889264e-01 1.495954964986150326e-01
1.499990208832203131e-01 1.495285625383238615e-01
1.499990743744670507e-01 1.494606460754450139e-01
1.499991288203560147e-01 1.493917445568799240e-01
1.499991840104122343e-01 1.493218554290012823e-01
1.499992397209825579e-01 1.492509761377482647e-01
1.499992957149570982e-01 1.491791041287250652e-01
1.499993517414890953e-01 1.491062368473018707e-01
1.499994075357120038e-01 1.490323717387180558e-01
1.499994628184554424e-01 1.489575062481887091e-01
1.499995172959582845e-01 1.488816378210132407e-01
1.499995706595802225e-01 1.488047639026873203e-01
1.499996225855109999e-01 1.487268819390172025e-01
1.499996727344778680e-01 1.486479893762370497e-01
1.499997207514504882e-01 1.485680836611289191e-01
1.499997662653444752e-01 1.484871622411459147e-01
1.499998088887223302e-01 1.484052225645379475e-01
1.499998482174922376e-01 1.483222620804805769e-01
1.499998838306054461e-01 1.482382782392068221e-01
1.499999152897507626e-01 1.481532684921419984e-01
1.499999421390475485e-01 1.480672302920415240e-01
1.499999639047362443e-01 1.479801610931317790e-01
1.499999800948670636e-01 1.478920583512541298e-01
1.499999901989864659e-01 1.478029195240120053e-01
1.499999936878213536e-01 1.477127420709213879e-01
1.499999936878213536e-01 1.477127420709213879e-01
1.499999941195007402e-01 1.476324300341636253e-01
1.499999953720557722e-01 1.475513070035013585e-01
1.499999973828000099e-01 1.474693739980265650e-01
1.500000000904615216e-01 1.473866320386600370e-01
1.500000034352184930e-01 1.473030821482250730e-01
1.500000073587334226e-01 1.472187253515216121e-01
1.500000118041852348e-01 1.471335626754004533e-01
1.500000167163000053e-01 1.470475951488378064e-01
1.500000220413794938e-01 1.469608238030100655e-01
1.500000277273282889e-01 1.468732496713688052e-01
1.500000337236789827e-01 1.467848737897160527e-01
1.500000399816153185e-01 1.466956971962795619e-01
1.500000464539941458e-01 1.466057209317884191e-01
1.500000530953649325e-01 1.465149460395490932e-01
1.500000598619876668e-01 1.464233735655211810e-01
1.500000667118491227e-01 1.463310045583935959e-01
1.500000736046771532e-01 1.462378400696611180e-01
1.500000805019528760e-01 1.461438811537006111e-01
1.500000873669216084e-01 1.460491288678477662e-01
1.500000941646011943e-01 1.459535842724740962e-01
1.500001008617892206e-01 1.458572484310635131e-01
1.500001074270677082e-01 1.457601224102895721e-01
1.500001138308062476e-01 1.456622072800926593e-01
1.500001200451632766e-01 1.455635041137572083e-01
1.500001260440852191e-01 1.454640139879891381e-01
1.500001318033039599e-01 1.453637379829931797e-01
1.500001373003322369e-01 1.452626771825507035e-01
1.500001425144571465e-01 1.451608326740971289e-01
1.500001474267317614e-01 1.450582055487997513e-01
1.500001520199646388e-01 1.449547969016355409e-01
1.500001562787077192e-01 1.448506078314688861e-01
1.500001601892417546e-01 1.447456394411295588e-01
1.500001637395602938e-01 1.446398928374905690e-01
1.500001669193513076e-01 1.445333691315460745e-01
1.500001697199770112e-01 1.444260694384896515e-01
1.500001721344515482e-01 1.443179948777918442e-01
1.500001741574169267e-01 1.442091465732785460e-01
1.500001757851166795e-01 1.440995256532086044e-01
1.500001770153675806e-01 1.439891332503523136e-01
1.500001778475293368e-01 1.438779705020689914e-01
1.500001782824724461e-01 1.437660385503851113e-01
1.500001783225435037e-01 1.436533385420720732e-01
1.500001779715290640e-01 1.435398716287242804e-01
1.500001772346170048e-01 1.434256389668369103e-01
1.500001761183559490e-01 1.433106417178836300e-01
1.500001746306128259e-01 1.431948810483943124e-01
1.500001727805277685e-01 1.430783581300328899e-01
1.500001705784677064e-01 1.429610741396746820e-01
1.500001680359772382e-01 1.428430302594839996e-01
1.500001651657275337e-01 1.427242276769914719e-01
1.500001619814633480e-01 1.426046675851714851e-01
1.500001584979477609e-01 1.424843511825192310e-01
1.500001547309045280e-01 1.423632796731279515e-01
1.500001506969588783e-01 1.422414542667656545e-01
1.500001464135756468e-01 1.421188761789521082e-01
1.500001418989953816e-01 1.419955466310355019e-01
1.500001371721684518e-01 1.418714668502689402e-01
1.500001322526868797e-01 1.417466380698868544e-01
1.500001271607138698e-01 1.416210615291811914e-01
1.500001219169114497e-01 1.414947384735777136e-01
1.500001165423656413e-01 1.413676701547113557e-01
1.500001110585095498e-01 1.412398578305025243e-01
1.500001054870443162e-01 1.411113027652322049e-01
1.500000998498577098e-01 1.409820062296173737e-01
1.500000941689406120e-01 1.408519695008862149e-01
1.500000884663013900e-01 1.407211938628529224e-01
1.500000827638776346e-01 1.405896806059923898e-01
1.500000770834461483e-01 1.404574310275145399e-01
1.500000714465303808e-01 1.403244464314387929e-01
1.500000658743057824e-01 1.401907281286678408e-01
1.500000603875027705e-01 1.400562774370615049e-01
1.500000550063075866e-01 1.399210956815100104e-01
1.500000497502607111e-01 1.397851841940073170e-01
1.500000446381532515e-01 1.396485443137240878e-01
1.500000396879206943e-01 1.395111773870802430e-01
1.500000349165347691e-01 1.393730847678172624e-01
1.500000303398928425e-01 1.392342678170707115e-01
1.500000259727050922e-01 1.390947279034412676e-01
1.500000218283790432e-01 1.389544664030668286e-01
1.500000179189024951e-01 1.388134846996932625e-01
1.500000142547234794e-01 1.386717841847455168e-01
1.500000108446282177e-01 1.385293662573978124e-01
1.500000076956168882e-01 1.383862323246443093e-01
1.500000048127766716e-01 1.382423838013682460e-01
1.500000021991529930e-01 1.380978221104119108e-01
1.499999998556179881e-01 1.379525486826456704e-01
1.499999977807367491e-01 1.378065649570365814e-01
1.499999959706317665e-01 1.376598723807167246e-01
1.499999944188440959e-01 1.375124724090515671e-01
1.499999931161929700e-01 1.373643665057070473e-01
1.499999920506327189e-01 1.372155561427172710e-01
1.499999912071073860e-01 1.370660428005509579e-01
1.499999905674032352e-01 1.369158279681780277e-01
1.499999901099985655e-01 1.367649131431356579e-01
1.499999898099113327e-01 1.366132998315937042e-01
1.499999896385444953e-01 1.364609895484199809e-01
1.499999895635290292e-01 1.363079838172447933e-01
1.499999895485643053e-01 1.361542841705254137e-01
1.499999895532565242e-01 1.359998921496097801e-01
1.499999895532565242e-01 1.359998921496098079e-01
1.499999937215177048e-01 1.358597166789741739e-01
1.500000058817474724e-01 1.357189798753232757e-01
1.500000255249531456e-01 1.355776854547263710e-01
1.500000521526363984e-01 1.354358371387165971e-01
1.500000852768456627e-01 1.352934386542700707e-01
1.500001244202261996e-01 1.351504937337838219e-01
1.500001691160678108e-01 1.350070061150519529e-01
1.500002189083501636e-01 1.348629795412406018e-01
1.500002733517856734e-01 1.347184177608613531e-01
1.500003320118600547e-01 1.345733245277431767e-01
1.500003944648706233e-01 1.344277036010029514e-01
1.500004602979621016e-01 1.342815587450144343e-01
1.500005291091599524e-01 1.341348937293762311e-01
1.500006005074016324e-01 1.339877123288774896e-01
1.500006741125652909e-01 1.338400183234630947e-01
1.500007495554961656e-01 1.336918154981967255e-01
1.500008264780305633e-01 1.335431076432228026e-01
1.500009045330177870e-01 1.333938985537268807e-01
1.500009833843392315e-01 1.332441920298948201e-01
1.500010627069255364e-01 1.330939918768702102e-01
1.500011421867712413e-01 1.329433019047107367e-01
1.500012215209472755e-01 1.327921259283427746e-01
1.500013004176108111e-01 1.326404677675148136e-01
1.500013785960130908e-01 1.324883312467493857e-01
1.500014557865048948e-01 1.323357201952937434e-01
1.500015317305394558e-01 1.321826384470688454e-01
1.500016061806734025e-01 1.320290898406171198e-01
1.500016789005653162e-01 1.318750782190490078e-01
1.500017496649716509e-01 1.317206074299877017e-01
1.500018182597409599e-01 1.315656813255130786e-01
1.500018844818053199e-01 1.314103037621036363e-01
1.500019481391698384e-01 1.312544786005776232e-01
1.500020090508995818e-01 1.310982097060324203e-01
1.500020670471045037e-01 1.309415009477827296e-01
1.500021219689219865e-01 1.307843561992975689e-01
1.500021736684970519e-01 1.306267793381355180e-01
1.500022220089605174e-01 1.304687742458791599e-01
1.500022668644047374e-01 1.303103448080676907e-01
1.500023081198572916e-01 1.301514949141286959e-01
1.500023456712522296e-01 1.299922284573079845e-01
1.500023794253991793e-01 1.298325493345992288e-01
1.500024092999504566e-01 1.296724614466707171e-01
1.500024352233654823e-01 1.295119686977923013e-01
1.500024571348734237e-01 1.293510749957604289e-01
1.500024749844337257e-01 1.291897842518217321e-01
1.500024887326937284e-01 1.290281003805958115e-01
1.500024983509451459e-01 1.288660272999963829e-01
1.500025038210775208e-01 1.287035689311513131e-01
1.500025051355298178e-01 1.285407291983219069e-01
1.500025022972400757e-01 1.283775120288197791e-01
1.500024953195925326e-01 1.282139213529240040e-01
1.500024842263627811e-01 1.280499611037958507e-01
1.500024690516609804e-01 1.278856352173929900e-01
1.500024498398724038e-01 1.277209476323823700e-01
1.500024266455966260e-01 1.275559022900517869e-01
1.500023995335837135e-01 1.273905031342203731e-01
1.500023685786692762e-01 1.272247541111482527e-01
1.500023338657064942e-01 1.270586591694443379e-01
1.500022954894967286e-01 1.268922222599737915e-01
1.500022535547177738e-01 1.267254473357638245e-01
1.500022081758500270e-01 1.265583383519086336e-01
1.500021594771006606e-01 1.263908992654732277e-01
1.500021075923257396e-01 1.262231340353960340e-01
1.500020526649502306e-01 1.260550466223907262e-01
1.500019948478861220e-01 1.258866409888465265e-01
1.500019343034481867e-01 1.257179210987280638e-01
1.500018712032682167e-01 1.255488909174737322e-01
1.500018057282067052e-01 1.253795544118930516e-01
1.500017380682630019e-01 1.252099155500634164e-01
1.500016684224831642e-01 1.250399783012253463e-01
1.500015969988658104e-01 1.248697466356771674e-01
1.500015240142662798e-01 1.246992245246684172e-01
1.500014496942984887e-01 1.245284159402925694e-01
1.500013742732351218e-01 1.243573248553784122e-01
1.500012979939054636e-01 1.241859552433811076e-01
1.500012211075918422e-01 1.240143110782717523e-01
1.500011438739235758e-01 1.238423963344262302e-01
1.500010665607694471e-01 1.236702149865134964e-01
1.500009894441278191e-01 1.234977710093823899e-01
1.500009128080153353e-01 1.233250683779481410e-01
1.500008369443532608e-01 1.231521110670775188e-01
1.500007621528521851e-01 1.229789030514738535e-01
1.500006887408948664e-01 1.228054483055604357e-01
1.500006170234169378e-01 1.226317508033636650e-01
1.500005473227860320e-01 1.224578145183952138e-01
1.500004799686789070e-01 1.222836434235334002e-01
1.500004152979567407e-01 1.221092414909039081e-01
1.500003536545384819e-01 1.219346126917597861e-01
1.500002953892726199e-01 1.217597609963603916e-01
1.500002408598068993e-01 1.215846903738500850e-01
1.500001904304562594e-01 1.214094047921359804e-01
1.500001444720689137e-01 1.212339082177649324e-01
1.500001033618910129e-01 1.210582046158001496e-01
1.500000674834287839e-01 1.208822979496968347e-01
1.500000372263095294e-01 1.207061921811773825e-01
1.500000129861405740e-01 1.205298912701059794e-01
1.499999951643665175e-01 1.203533991743624132e-01
1.499999841681246282e-01 1.201767198497155492e-01
1.499999804100984879e-01 1.199998572496960153e-01
1.499999804100984879e-01 1.199998572496960153e-01
1.499999853099890923e-01 1.198229913508550432e-01
1.499999996306119743e-01 1.196463024110707291e-01
1.500000228103918476e-01 1.194697947985856323e-01
1.500000542971801354e-01 1.192934728741977118e-01
1.500000935483735420e-01 1.191173409911604752e-01
1.500001400310307098e-01 1.189414034950844745e-01
1.500001932219874601e-01 1.187656647238394120e-01
1.500002526079694809e-01 1.185901290074573289e-01
1.500003176857039877e-01 1.184148006680366405e-01
1.500003879620289415e-01 1.182396840196473509e-01
1.500004629540008794e-01 1.180647833682370029e-01
1.500005421890005519e-01 1.178901030115379889e-01
1.500006252048369793e-01 1.177156472389756098e-01
1.500007115498497579e-01 1.175414203315773704e-01
1.500008007830090917e-01 1.173674265618831897e-01
1.500008924740145189e-01 1.171936701938571246e-01
1.500009862033913621e-01 1.170201554827996065e-01
1.500010815625856808e-01 1.168468866752613716e-01
1.500011781540570854e-01 1.166738680089582508e-01
1.500012755913699425e-01 1.165011037126872789e-01
1.500013734992825254e-01 1.163285980062439134e-01
1.500014715138345278e-01 1.161563551003405304e-01
1.500015692824323288e-01 1.159843791965261828e-01
1.500016664639330644e-01 1.158126744871076363e-01
1.500017627287261179e-01 1.156412451550714593e-01
1.500018577588130009e-01 1.154700953740077085e-01
1.500019512478857620e-01 1.152992293080349062e-01
1.500020429014028156e-01 1.151286511117260991e-01
1.500021324366634656e-01 1.149583649300364163e-01
1.500022195828801808e-01 1.147883748982320706e-01
1.500023040812492880e-01 1.146186851418206781e-01
1.500023856850194737e-01 1.144492997764827991e-01
1.500024641595585628e-01 1.142802229080053800e-01
1.500025392824185788e-01 1.141114586322160979e-01
1.500026108433983318e-01 1.139430110349193143e-01
1.500026786446048144e-01 1.137748841918337639e-01
1.500027425005121817e-01 1.136070821685314230e-01
1.500028022380189840e-01 1.134396090203780433e-01
1.500028576965037053e-01 1.132724687924749341e-01
1.500029087278778317e-01 1.131056655196028410e-01
1.500029551966375052e-01 1.129392032261666151e-01
1.500029969799132890e-01 1.127730859261421720e-01
1.500030339675174074e-01 1.126073176230245748e-01
1.500030660619897649e-01 1.124419023097777276e-01
1.500030931786417443e-01 1.122768439687859693e-01
1.500031152455976180e-01 1.121121465718069449e-01
1.500031322038350157e-01 1.119478140799263916e-01
1.500031440072225331e-01 1.117838504435144237e-01
1.500031506225556754e-01 1.116202596021833721e-01
1.500031520295913301e-01 1.114570454847477188e-01
1.500031482210793243e-01 1.112942120091850728e-01
1.500031392027929567e-01 1.111317630825996577e-01
1.500031249935570021e-01 1.109697026011867010e-01
1.500031056252741080e-01 1.108080344501990167e-01
1.500030811429488298e-01 1.106467625039154884e-01
1.500030516047100027e-01 1.104858906256106360e-01
1.500030170818311970e-01 1.103254226675267763e-01
1.500029776587488706e-01 1.101653624708473084e-01
1.500029334330787723e-01 1.100057138656721778e-01
1.500028845156304302e-01 1.098464806709947700e-01
1.500028310304194201e-01 1.096876666946812046e-01
1.500027731146779120e-01 1.095292757334507400e-01
1.500027109188629415e-01 1.093713115728586899e-01
1.500026446066630437e-01 1.092137779872805747e-01
1.500025743550024437e-01 1.090566787398986048e-01
1.500025003540437774e-01 1.089000175826896760e-01
1.500024228071883403e-01 1.087437982564156275e-01
1.500023419310746731e-01 1.085880244906149567e-01
1.500022579555747859e-01 1.084327000035966576e-01
1.500021711237889965e-01 1.082778285024360992e-01
1.500020816920379085e-01 1.081234136829723608e-01
1.500019899298532522e-01 1.079694592298080513e-01
1.500018961199659773e-01 1.078159688163106700e-01
1.500018005582928193e-01 1.076629461046159225e-01
1.500017035539207011e-01 1.075103947456331477e-01
1.500016054290890799e-01 1.073583183790527973e-01
1.500015065191702135e-01 1.072067206333553735e-01
1.500014071726476772e-01 1.070556051258228919e-01
1.500013077510925497e-01 1.069049754625519960e-01
1.500012086291376279e-01 1.067548352384691257e-01
1.500011101944500047e-01 1.066051880373478089e-01
1.500010128477010651e-01 1.064560374318277158e-01
1.500009170025346783e-01 1.063073869834358642e-01
1.500008230855336133e-01 1.061592402426096704e-01
1.500007315361834292e-01 1.060116007487224288e-01
1.500006428068348940e-01 1.058644720301101516e-01
1.500005573626638222e-01 1.057178576041010731e-01
1.500004756816294416e-01 1.055717609770466942e-01
1.500003982544301229e-01 1.054261856443552414e-01
1.500003255844576666e-01 1.052811350905267090e-01
1.500002581877490915e-01 1.051366127891905228e-01
1.500001965929366465e-01 1.049926222031446477e-01
1.500001413411957141e-01 1.048491667843973046e-01
1.500000929861908250e-01 1.047062499742101860e-01
1.500000520940192039e-01 1.045638752031440855e-01
1.500000192431528712e-01 1.044220458911066379e-01
1.499999950243781632e-01 1.042807654474017937e-01
1.499999800407338379e-01 1.041400372707815131e-01
1.499999749074461819e-01 1.039998647494996542e-01
1.499999749074462096e-01 1.039998647494996958e-01
1.499999759233657803e-01 1.038454740576840452e-01
1.499999789122921368e-01 1.036917783053303704e-01
1.499999837851751505e-01 1.035387788956118466e-01
1.499999904520139538e-01 1.033864772244766639e-01
1.499999988220037106e-01 1.032348746807502660e-01
1.500000088036790857e-01 1.030839726462380035e-01
1.500000203050563252e-01 1.029337724958285655e-01
1.500000332337721454e-01 1.027842755975976741e-01
1.500000474972209563e-01 1.026354833129128757e-01
1.500000630026896153e-01 1.024873969965383047e-01
1.500000796574897932e-01 1.023400179967407786e-01
1.500000973690880368e-01 1.021933476553956444e-01
1.500001160452335558e-01 1.020473873080939842e-01
1.500001355940837611e-01 1.019021382842496687e-01
1.500001559243273330e-01 1.017576019072074789e-01
1.500001769453052913e-01 1.016137794943515749e-01
1.500001985671292892e-01 1.014706723572145475e-01
1.500002207007980481e-01 1.013282818015867892e-01
1.500002432583111278e-01 1.011866091276267116e-01
1.500002661527807812e-01 1.010456556299713787e-01
1.500002892985409786e-01 1.009054225978473912e-01
1.500003126112546548e-01 1.007659113151826019e-01
1.500003360080182646e-01 1.006271230607181516e-01
1.500003594074643121e-01 1.004890591081211426e-01
1.500003827298611869e-01 1.003517207260973959e-01
1.500004058972112253e-01 1.002151091785051101e-01
1.500004288333461056e-01 1.000792257244689371e-01
1.500004514640198017e-01 9.994407161849411247e-02
1.500004737169998159e-01 9.980964811058141983e-02
1.500004955221554692e-01 9.967595644634247298e-02
1.500005168115442766e-01 9.954299786711538756e-02
1.500005375194960189e-01 9.941077361008092417e-02
1.500005575826942605e-01 9.927928490837897857e-02
1.500005769402557587e-01 9.914853299122541874e-02
1.500005955338077346e-01 9.901851908402957425e-02
1.500006133075625081e-01 9.888924440851179498e-02
1.500006302083901066e-01 9.876071018282149561e-02
1.500006461858884033e-01 9.863291762165576904e-02
1.500006611924512845e-01 9.850586793637794436e-02
1.500006751833340979e-01 9.837956233513686644e-02
1.500006881167171569e-01 9.825400202298635588e-02
1.500006999537668861e-01 9.812918820200498826e-02
1.500007106586946637e-01 9.800512207141627574e-02
1.500007201988133032e-01 9.788180482770911239e-02
1.500007285445915939e-01 9.775923766475841381e-02
1.500007356697060645e-01 9.763742177394632571e-02
1.500007415510911102e-01 9.751635834428355742e-02
1.500007461689862320e-01 9.739604856253082643e-02
1.500007495069813901e-01 9.727649361332094124e-02
1.500007515520601353e-01 9.715769467928085656e-02
1.500007522946403826e-01 9.703965294115410312e-02
1.500007517286127134e-01 9.692236957792342567e-02
1.500007498513769577e-01 9.680584576693372634e-02
1.500007466638760556e-01 9.669008268401500794e-02
1.500007421706279209e-01 9.657508150360587240e-02
1.500007363797551119e-01 9.646084339887707471e-02
1.500007293030119204e-01 9.634736954185499358e-02
1.500007209558097687e-01 9.623466110354590708e-02
1.500007113572400241e-01 9.612271925405975470e-02
1.500007005300945939e-01 9.601154516273474604e-02
1.500006885008844382e-01 9.590113999826141433e-02
1.500006752998557236e-01 9.579150492880750267e-02
1.500006609610041453e-01 9.568264112214265593e-02
1.500006455220864177e-01 9.557454974576302942e-02
1.500006290246300722e-01 9.546723196701661918e-02
1.500006115139408680e-01 9.536068895322813432e-02
1.500005930391079267e-01 9.525492187182423021e-02
1.500005736530069800e-01 9.514993189045886646e-02
1.500005534123009243e-01 9.504572017713859566e-02
1.500005323774387389e-01 9.494228790034825449e-02
1.500005106126517662e-01 9.483963622917605807e-02
1.500004881859481609e-01 9.473776633343961029e-02
1.500004651691049240e-01 9.463667938381130351e-02
1.500004416376578276e-01 9.453637655194405132e-02
1.500004176708892578e-01 9.443685901059693799e-02
1.500003933518138100e-01 9.433812793376096517e-02
1.500003687671616626e-01 9.424018449678468745e-02
1.500003440073600369e-01 9.414302987650015331e-02
1.500003191665119917e-01 9.404666525134822153e-02
1.500002943423738855e-01 9.395109180150455763e-02
1.500002696363296473e-01 9.385631070900510298e-02
1.500002451533639924e-01 9.376232315787184912e-02
1.500002210020325299e-01 9.366913033423808488e-02
1.500001972944303708e-01 9.357673342647426784e-02
1.500001741461582661e-01 9.348513362531292448e-02
1.500001516762870246e-01 9.339433212397456330e-02
1.500001300073188770e-01 9.330433011829242229e-02
1.500001092651479795e-01 9.321512880683766045e-02
1.500000895790178645e-01 9.312672939104474357e-02
1.500000710814768656e-01 9.303913307533574761e-02
1.500000539083319318e-01 9.295234106724549472e-02
1.500000381985998055e-01 9.286635457754602307e-02
1.500000240944562024e-01 9.278117482037097352e-02
1.500000117411831591e-01 9.269680301333997618e-02
1.500000012871137434e-01 9.261324037768252360e-02
1.499999928835752394e-01 9.253048813836201036e-02
1.499999866848297225e-01 9.244854752419942590e-02
1.499999828480129693e-01 9.236741976799676956e-02
1.499999815330708697e-01 9.228710610666022995e-02
1.499999815330708697e-01 9.228710610666022995e-02
1.499999778411276186e-01 9.219693378628955605e-02
1.499999671501099086e-01 9.210780991446539112e-02
1.499999500217586434e-01 9.201973129865360923e-02
1.499999269974766625e-01 9.193269476042326138e-02
1.499998985986983613e-01 9.184669713551107950e-02
1.499998653272564542e-01 9.176173527388353790e-02
1.499998276657444340e-01 9.167780603979498733e-02
1.499997860778762848e-01 9.159490631184315224e-02
1.499997410088425021e-01 9.151303298302138067e-02
1.499996928856624223e-01 9.143218296076746632e-02
1.499996421175335826e-01 9.135235316700995867e-02
1.499995890961776379e-01 9.127354053821105928e-02
1.499995341961823658e-01 9.119574202540681185e-02
1.499994777753413111e-01 9.111895459424405874e-02
1.499994201749889899e-01 9.104317522501483018e-02
1.499993617203337071e-01 9.096840091268772188e-02
1.499993027207863761e-01 9.089462866693621967e-02
1.499992434702867028e-01 9.082185551216483133e-02
1.499991842476254278e-01 9.075007848753173512e-02
1.499991253167637650e-01 9.067929464696929120e-02
1.499990669271494548e-01 9.060950105920152764e-02
1.499990093140297631e-01 9.054069480775921164e-02
1.499989526987607902e-01 9.047287299099189550e-02
1.499988972891141970e-01 9.040603272207807517e-02
1.499988432795803239e-01 9.034017112903212909e-02
1.499987908516683399e-01 9.027528535470902282e-02
1.499987401742031989e-01 9.021137255680661271e-02
1.499986914036192664e-01 9.014842990786543775e-02
1.499986446842511423e-01 9.008645459526579136e-02
1.499986001486211529e-01 9.002544382122308619e-02
1.499985579177239015e-01 8.996539480278016587e-02
1.499985181013074875e-01 8.990630477179774316e-02
1.499984807981515900e-01 8.984817097494228466e-02
1.499984460963433019e-01 8.979099067367189713e-02
1.499984140735485250e-01 8.973476114421981287e-02
1.499983847972816697e-01 8.967947967757554373e-02
1.499983583251714991e-01 8.962514357946434196e-02
1.499983347052240290e-01 8.957175017032407982e-02
1.499983139760829309e-01 8.951929678528013079e-02
1.499982961672862436e-01 8.946778077411818297e-02
1.499982812995205583e-01 8.941719950125522065e-02
1.499982693848722348e-01 8.936755034570821599e-02
1.499982604270752584e-01 8.931883070106093336e-02
1.499982544217563774e-01 8.927103797542866592e-02
1.499982513566776865e-01 8.922416959142148718e-02
1.499982512119752698e-01 8.917822298610471321e-02
1.499982539603959553e-01 8.913319561095868482e-02
1.499982595675305730e-01 8.908908493183552435e-02
1.499982679920442707e-01 8.904588842891479616e-02
1.499982791859042486e-01 8.900360359665733523e-02
1.499982930946043291e-01 8.896222794375696630e-02
1.499983096573866970e-01 8.892175899309069653e-02
1.499983288074607235e-01 8.888219428166733993e-02
1.499983504722189886e-01 8.884353136057410172e-02
1.499983745734503049e-01 8.880576779492173334e-02
1.499984010275501323e-01 8.876890116378811924e-02
1.499984297457276072e-01 8.873292906016014281e-02
1.499984606342104065e-01 8.869784909087378988e-02
1.499984935944461417e-01 8.866365887655312805e-02
1.499985285233012555e-01 8.863035605154741259e-02
1.499985653132569208e-01 8.859793826386661020e-02
1.499986038526023857e-01 8.856640317511592364e-02
1.499986440256247944e-01 8.853574846042826241e-02
1.499986857127971751e-01 8.850597180839570033e-02
1.499987287909628209e-01 8.847707092099936499e-02
1.499987731335169217e-01 8.844904351353773120e-02
1.499988186105859767e-01 8.842188731455415118e-02
1.499988650892037645e-01 8.839560006576238638e-02
1.499989124334844826e-01 8.837017952197094572e-02
1.499989605047938324e-01 8.834562345100667458e-02
1.499990091619163024e-01 8.832192963363640070e-02
1.499990582612203693e-01 8.829909586348742845e-02
1.499991076568205906e-01 8.827711994696728348e-02
1.499991572007371154e-01 8.825599970318177834e-02
1.499992067430519771e-01 8.823573296385199549e-02
1.499992561320631357e-01 8.821631757323020184e-02
1.499993052144352468e-01 8.819775138801451420e-02
1.499993538353480982e-01 8.818003227726257942e-02
1.499994018386416605e-01 8.816315812230378357e-02
1.499994490669591118e-01 8.814712681665105853e-02
1.499994953618864479e-01 8.813193626591091234e-02
1.499995405640894564e-01 8.811758438769291824e-02
1.499995845134481920e-01 8.810406911151776044e-02
1.499996270491881223e-01 8.809138837872466932e-02
1.499996680100091906e-01 8.807954014237773244e-02
1.499997072342114657e-01 8.806852236717116478e-02
1.499997445598182655e-01 8.805833302933359363e-02
1.499997798246965608e-01 8.804897011653174677e-02
1.499998128666745478e-01 8.804043162777280829e-02
1.499998435236561400e-01 8.803271557330616393e-02
1.499998716337332394e-01 8.802581997452417484e-02
1.499998970352946492e-01 8.801974286386218815e-02
1.499999195671326557e-01 8.801448228469753443e-02
1.499999390685463618e-01 8.801003629124799776e-02
1.499999553794427731e-01 8.800640294846916178e-02
1.499999683404344419e-01 8.800358033195128382e-02
1.499999777929348632e-01 8.800156652781521149e-02
1.499999835792508174e-01 8.800035963260756378e-02
1.499999855426718820e-01 8.799995775319532920e-02
1.499999855426719098e-01 8.799995775319531532e-02
1.499999841143262180e-01 8.800050266451503456e-02
1.499999801191394533e-01 8.800213282186102048e-02
1.499999739717886305e-01 8.800484137426825559e-02
1.499999660607499175e-01 8.800862148907585836e-02
1.499999567490400976e-01 8.801346635155070375e-02
1.499999463749508433e-01 8.801936916451046089e-02
1.499999352527777163e-01 8.802632314794724133e-02
1.499999236735421460e-01 8.803432153865152487e-02
1.499999119057077723e-01 8.804335758983608540e-02
1.499999001958901290e-01 8.805342457076083262e-02
1.499998887695604410e-01 8.806451576635807021e-02
1.499998778317431225e-01 8.807662447685830898e-02
1.499998675677071680e-01 8.808974401741698212e-02
1.499998581436513823e-01 8.810386771774192383e-02
1.499998497073833092e-01 8.811898892172180531e-02
1.499998423889926380e-01 8.813510098705554241e-02
1.499998363015176417e-01 8.815219728488278561e-02
1.499998315416062600e-01 8.817027119941571456e-02
1.499998281901707420e-01 8.818931612757173466e-02
1.499998263130362941e-01 8.820932547860797779e-02
1.499998259615839546e-01 8.823029267375691320e-02
1.499998271733868072e-01 8.825221114586319360e-02
1.499998299728410867e-01 8.827507433902288814e-02
1.499998343717902638e-01 8.829887570822325671e-02
1.499998403701439942e-01 8.832360871898493893e-02
1.499998479564904619e-01 8.834926684700569743e-02
1.499998571087033106e-01 8.837584357780603472e-02
1.499998677945420800e-01 8.840333240637651691e-02
1.499998799722469522e-01 8.843172683682717916e-02
1.499998935911276143e-01 8.846102038203909612e-02
1.499999085921461528e-01 8.849120656331768697e-02
1.499999249084937591e-01 8.852227891004849081e-02
1.499999424661618286e-01 8.855423095935469058e-02
1.499999611845072855e-01 8.858705625575766240e-02
1.499999809768114145e-01 8.862074835083876001e-02
1.500000017508333061e-01 8.865530080290449921e-02
1.500000234093573359e-01 8.869070717665339387e-02
1.500000458507346202e-01 8.872696104284562291e-02
1.500000689694187539e-01 8.876405597797522307e-02
1.500000926564956094e-01 8.880198556394457154e-02
1.500001168002071117e-01 8.884074338774178292e-02
1.500001412864696571e-01 8.888032304112043758e-02
1.500001659993860093e-01 8.892071812028244648e-02
1.500001908217519220e-01 8.896192222556319196e-02
1.500002156355566552e-01 8.900392896111973540e-02
1.500002403224777181e-01 8.904673193462173120e-02
1.500002647643696729e-01 8.909032475694526887e-02
1.500002888437473036e-01 8.913470104186943521e-02
1.500003124442629843e-01 8.917985440577642919e-02
1.500003354511778020e-01 8.922577846735352258e-02
1.500003577518275177e-01 8.927246684729911452e-02
1.500003792360822819e-01 8.931991316803154779e-02
1.500003997968005209e-01 8.936811105340040917e-02
1.500004193302771904e-01 8.941705412840171563e-02
1.500004377366864206e-01 8.946673601889586214e-02
1.500004549205176674e-01 8.951715035132874754e-02
1.500004707910069790e-01 8.956829075245621719e-02
1.500004852625616558e-01 8.962015084907155871e-02
1.500004982551795818e-01 8.967272426773646721e-02
1.500005096948627548e-01 8.972600463451499420e-02
1.500005195140245717e-01 8.977998557471110475e-02
1.500005276518920905e-01 8.983466071260935715e-02
1.500005340549016852e-01 8.989002367121905201e-02
1.500005386770895399e-01 8.994606807202150389e-02
1.500005414804758685e-01 9.000278753472117088e-02
1.500005424354437789e-01 9.006017567699949045e-02
1.500005415211120574e-01 9.011822611427283691e-02
1.500005387257021261e-01 9.017693245945354596e-02
1.500005340468994752e-01 9.023628832271429756e-02
1.500005274922090459e-01 9.029628731125638463e-02
1.500005190793050058e-01 9.035692302908099327e-02
1.500005088363745298e-01 9.041818907676422989e-02
1.500004968024559460e-01 9.048007905123565953e-02
1.500004830277710532e-01 9.054258654556027186e-02
1.500004675740515547e-01 9.060570514872402781e-02
1.500004505148598843e-01 9.066942844542295876e-02
1.500004319359038440e-01 9.073375001585565203e-02
1.500004119353459953e-01 9.079866343551958041e-02
1.500003906241068052e-01 9.086416227501074860e-02
1.500003681261620481e-01 9.093024009982687839e-02
1.500003445788345713e-01 9.099689047017442411e-02
1.500003201330800673e-01 9.106410694077883561e-02
1.500002949537672936e-01 9.113188306069876232e-02
1.500002692199522425e-01 9.120021237314343554e-02
1.500002431251462043e-01 9.126908841529372818e-02
1.500002168775790012e-01 9.133850471812726690e-02
1.500001907004551160e-01 9.140845480624618102e-02
1.500001648322051295e-01 9.147893219770958373e-02
1.500001395267305526e-01 9.154993040386852354e-02
1.500001150536431904e-01 9.162144292920512689e-02
1.500000916984986221e-01 9.169346327117539053e-02
1.500000697630238244e-01 9.176598492005506869e-02
1.500000495653389387e-01 9.183900135878947379e-02
1.500000314401732093e-01 9.191250606284673275e-02
1.500000157390750377e-01 9.198649250007445710e-02
1.500000028306165412e-01 9.206095413056025745e-02
1.499999931005914222e-01 9.213588440649547739e-02
1.499999869522080920e-01 9.221127677204248030e-02
1.499999848062759655e-01 9.228712466320561358e-02
1.499999848062759655e-01 9.228712466320561358e-02
1.499999893368458292e-01 9.238661148671244161e-02
1.500000027616213427e-01 9.248678432213792988e-02
1.500000248176100726e-01 9.258763430946771733e-02
1.500000552258241859e-01 9.268915257183420187e-02
1.500000936922613881e-01 9.279133021523398861e-02
1.500001399088751741e-01 9.289415832825459463e-02
1.500001935545337839e-01 9.299762798180903622e-02
1.500002542959678886e-01 9.310173022887985317e-02
1.500003217887074802e-01 9.320645610427097383e-02
1.500003956780072700e-01 9.331179662436861477e-02
1.500004755997613737e-01 9.341774278691039601e-02
1.500005611814067830e-01 9.352428557076328253e-02
1.500006520428158741e-01 9.363141593570961652e-02
1.500007477971777581e-01 9.373912482224183718e-02
1.500008480518687792e-01 9.384740315136529121e-02
1.500009524093121882e-01 9.395624182440977246e-02
1.500010604678262971e-01 9.406563172284883312e-02
1.500011718224624480e-01 9.417556370812789346e-02
1.500012860658313518e-01 9.428602862149999819e-02
1.500014027889188806e-01 9.439701728387032975e-02
1.500015215818909509e-01 9.450852049564799351e-02
1.500016420348871948e-01 9.462052903660667091e-02
1.500017637388042224e-01 9.473303366575280826e-02
1.500018862860675040e-01 9.484602512120178519e-02
1.500020092713926778e-01 9.495949412006197965e-02
1.500021322925358669e-01 9.507343135832682646e-02
1.500022549510331982e-01 9.518782751077403681e-02
1.500023768529294421e-01 9.530267323087354692e-02
1.500024976094956330e-01 9.541795915070187817e-02
1.500026168379361424e-01 9.553367588086510154e-02
1.500027341620846777e-01 9.564981401042851883e-02
1.500028492130893731e-01 9.576636410685417100e-02
1.500029616300873891e-01 9.588331671594581274e-02
1.500030710608681039e-01 9.600066236180067325e-02
1.500031771625259525e-01 9.611839154676898866e-02
1.500032796021021908e-01 9.623649475142008469e-02
1.500033780572160025e-01 9.635496243451632803e-02
1.500034722166840861e-01 9.647378503299298969e-02
1.500035617811305844e-01 9.659295296194607416e-02
1.500036464635848277e-01 9.671245661462614385e-02
1.500037259900691422e-01 9.683228636243949861e-02
1.500038001001755272e-01 9.695243255495558654e-02
1.500038685476310918e-01 9.707288551992118708e-02
1.500039311008531384e-01 9.719363556328103337e-02
1.500039875434930059e-01 9.731467296920506826e-02
1.500040376749691706e-01 9.743598800012141792e-02
1.500040813109894677e-01 9.755757089675652638e-02
1.500041182840619047e-01 9.767941187818038329e-02
1.500041484439954276e-01 9.780150114185875987e-02
1.500041716583888352e-01 9.792382886371076012e-02
1.500041878131094242e-01 9.804638519817247821e-02
1.500041968127602543e-01 9.816916027826666502e-02
1.500041985811365886e-01 9.829214421567751547e-02
1.500041930616712593e-01 9.841532710083163160e-02
1.500041802178692096e-01 9.853869900298416196e-02
1.500041600337306547e-01 9.866224997031032562e-02
1.500041325141637794e-01 9.878597003000262611e-02
1.500040976853857233e-01 9.890984918837270046e-02
1.500040555953129073e-01 9.903387743095859452e-02
1.500040063139403412e-01 9.915804472263720082e-02
1.500039499337094684e-01 9.928234100774133153e-02
1.500038865698652413e-01 9.940675621018163488e-02
1.500038163608017894e-01 9.953128023357334098e-02
1.500037394683972625e-01 9.965590296136767057e-02
1.500036560783371553e-01 9.978061425698755982e-02
1.500035664004267522e-01 9.990540396396785372e-02
1.500034706688919972e-01 1.000302619060998571e-01
1.500033691426696791e-01 1.001551778875802295e-01
1.500032621056857918e-01 1.002801416931634049e-01
1.500031498671230423e-01 1.004051430883190349e-01
1.500030327616768688e-01 1.005301718193920696e-01
1.500029111498002443e-01 1.006552176137677224e-01
1.500027854179372400e-01 1.007802701800394607e-01
1.500026559787449587e-01 1.009053192081807993e-01
1.500025232713043111e-01 1.010303543697204376e-01
1.500023877613196333e-01 1.011553653179211171e-01
1.500022499413062316e-01 1.012803416879611423e-01
1.500021103307673243e-01 1.014052730971198996e-01
1.500019694763588818e-01 1.015301491449653176e-01
1.500018279520432818e-01 1.016549594135454232e-01
1.500016863592314176e-01 1.017796934675819220e-01
1.500015453269134269e-01 1.019043408546668611e-01
1.500014055117775691e-01 1.020288911054619135e-01
1.500012675983178889e-01 1.021533337339002590e-01
1.500011322989300289e-01 1.022776582373904203e-01
1.500010003539956893e-01 1.024018540970231678e-01
1.500008725319550706e-01 1.025259107777800327e-01
1.500007496293682407e-01 1.026498177287441665e-01
1.500006324709642902e-01 1.027735643833133511e-01
1.500005219096789966e-01 1.028971401594144519e-01
1.500004188266809979e-01 1.030205344597203837e-01
1.500003241313856983e-01 1.031437366718679777e-01
1.500002387614579602e-01 1.032667361686780971e-01
1.500001636828027507e-01 1.033895223083770160e-01
1.500000998895438531e-01 1.035120844348190045e-01
1.500000484039910320e-01 1.036344118777105666e-01
1.500000102765952081e-01 1.037564939528357044e-01
1.499999865858915871e-01 1.038783199622821535e-01
1.499999784384313528e-01 1.039998791946689788e-01
1.499999784384313528e-01 1.039998791946689927e-01
1.499998574040666000e-01 1.042920236993384042e-01
1.499995051972234927e-01 1.045821636545786193e-01
1.499989377959359271e-01 1.048702766541920461e-01
1.499981706968505912e-01 1.051563403705520205e-01
1.499972189239477116e-01 1.054403325554678916e-01
1.499960970371203850e-01 1.057222310410038113e-01
1.499948191406097753e-01 1.060020137402519491e-01
1.499933988912935945e-01 1.062796586480607569e-01
1.499918495068262581e-01 1.065551438417184499e-01
1.499901837736274113e-01 1.068284474815920648e-01
1.499884140547177724e-01 1.070995478117233723e-01
1.499865522973991561e-01 1.073684231603808104e-01
1.499846100407775940e-01 1.076350519405694373e-01
1.499825984231267229e-01 1.078994126504985718e-01
1.499805281890901620e-01 1.081614838740076467e-01
1.499784096967206604e-01 1.084212442809519145e-01
1.499762529243545972e-01 1.086786726275470044e-01
1.499740674773196170e-01 1.089337477566748313e-01
1.499718625944740091e-01 1.091864485981497573e-01
1.499696471545768628e-01 1.094367541689473672e-01
1.499674296824861364e-01 1.096846435733951491e-01
1.499652183551843099e-01 1.099300960033269686e-01
1.499630210076297043e-01 1.101730907382013486e-01
1.499608451384325525e-01 1.104136071451844725e-01
1.499586979153537669e-01 1.106516246791997282e-01
1.499565861806259337e-01 1.108871228829426681e-01
1.499545164560951438e-01 1.111200813868642723e-01
1.499524949481822467e-01 1.113504799091221686e-01
1.499505275526629156e-01 1.115782982555012098e-01
1.499486198592652197e-01 1.118035163193040055e-01
1.499467771560838159e-01 1.120261140812130324e-01
1.499450044338100640e-01 1.122460716091245314e-01
1.499433063897767371e-01 1.124633690579555784e-01
1.499416874318172943e-01 1.126779866694254811e-01
1.499401516819382774e-01 1.128899047718122522e-01
1.499387029798041615e-01 1.130991037796854753e-01
1.499373448860350233e-01 1.133055641936165925e-01
1.499360806853148043e-01 1.135092665998676392e-01
1.499349133893110586e-01 1.137101916700597043e-01
1.499338457394049917e-01 1.139083201608221546e-01
1.499328802092313173e-01 1.141036329134241106e-01
1.499320190070280168e-01 1.142961108533889769e-01
1.499312640777948347e-01 1.144857349900933879e-01
1.499306171052611492e-01 1.146724864163521651e-01
1.499300795136623288e-01 1.148563463079902564e-01
1.499296524693240484e-01 1.150372959234027687e-01
1.499293368820554806e-01 1.152153166031048698e-01
1.499291334063500569e-01 1.153903897692726832e-01
1.499290424423942447e-01 1.155624969252767309e-01
1.499290641368843657e-01 1.157316196552086313e-01
1.499291983836510689e-01 1.158977396234039808e-01
1.499294448240916788e-01 1.160608385739607118e-01
1.499298028474102262e-01 1.162208983302565057e-01
1.499302715906661587e-01 1.163779007944655830e-01
1.499308499386299010e-01 1.165318279470761303e-01
1.499315365234478170e-01 1.166826618464112814e-01
1.499323297241147435e-01 1.168303846281533581e-01
1.499332276657556751e-01 1.169749785048747465e-01
1.499342282187158815e-01 1.171164257655755714e-01
1.499353289974604542e-01 1.172547087752308509e-01
1.499365273592832837e-01 1.173898099743479334e-01
1.499378204028256334e-01 1.175217118785366055e-01
1.499392049664050874e-01 1.176503970780931746e-01
1.499406776261551777e-01 1.177758482376000809e-01
1.499422346939756068e-01 1.178980480955435228e-01
1.499438722152945935e-01 1.180169794639496644e-01
1.499455859666426194e-01 1.181326252280429229e-01
1.499473714530391577e-01 1.182449683459257522e-01
1.499492239051921916e-01 1.183539918482845316e-01
1.499511382765116307e-01 1.184596788381211824e-01
1.499531092399367938e-01 1.185620124905133466e-01
1.499551311845789825e-01 1.186609760524052759e-01
1.499571982121798985e-01 1.187565528424305850e-01
1.499593041333857069e-01 1.188487262507695180e-01
1.499614424638390231e-01 1.189374797390422150e-01
1.499636064200880470e-01 1.190227968402405162e-01
1.499657889153147572e-01 1.191046611586995818e-01
1.499679825548823897e-01 1.191830563701120893e-01
1.499701796317030600e-01 1.192579662215866032e-01
1.499723721214271110e-01 1.193293745317524773e-01
1.499745516774540766e-01 1.193972651909133154e-01
1.499767096257668408e-01 1.194616221612509049e-01
1.499788369595902726e-01 1.195224294770822898e-01
1.499809243338743603e-01 1.195796712451717286e-01
1.499829620596039859e-01 1.196333316450997192e-01
1.499849400979357261e-01 1.196833949296918914e-01
1.499868480541631244e-01 1.197298454255092404e-01
1.499886751715115707e-01 1.197726675334025437e-01
1.499904103247638176e-01 1.198118457291328653e-01
1.499920420137176580e-01 1.198473645640611568e-01
1.499935583564770691e-01 1.198792086659081213e-01
1.499949470825776288e-01 1.199073627395881858e-01
1.499961955259483393e-01 1.199318115681183849e-01
1.499972906177109711e-01 1.199525400136062375e-01
1.499982188788182291e-01 1.199695330183174202e-01
1.499989664125323530e-01 1.199827756058269024e-01
1.499995188967462589e-01 1.199922528822555540e-01
1.499998615761481968e-01 1.199979500375949887e-01
1.499999792542316968e-01 1.199998523471221684e-01
