0.000000000000000000e+00 3.101792385137484231e+01
1.000000000000000000e+01 3.168642706380400398e+01
2.000000000000000000e+01 3.239485407748820478e+01
3.000000000000000000e+01 3.312119003832584951e+01
4.000000000000000000e+01 3.383634003178523386e+01
5.000000000000000000e+01 3.450455506332014721e+01
6.000000000000000000e+01 3.508547414826252719e+01
7.000000000000000000e+01 3.553809397452749153e+01
8.000000000000000000e+01 3.582639123061005648e+01
9.000000000000000000e+01 3.592546408216174569e+01
1.000000000000000000e+02 3.582639235669486055e+01
1.100000000000000142e+02 3.553809600203591401e+01
1.200000000000000000e+02 3.508547671501018783e+01
1.300000000000000000e+02 3.450455780310407050e+01
1.400000000000000000e+02 3.383634267470819879e+01
1.500000000000000000e+02 3.312119241874876963e+01
1.600000000000000000e+02 3.239485607030974279e+01
1.700000000000000000e+02 3.168642852197265469e+01
1.800000000000000000e+02 3.101790401341351355e+01
1.900000000000000000e+02 3.040476082379696621e+01
2.000000000000000000e+02 2.985705244244361012e+01
2.099999999999999716e+02 2.938063601385260881e+01
2.200000000000000284e+02 2.897833014265265916e+01
2.299999999999999716e+02 2.865091312824651482e+01
2.400000000000000000e+02 2.839794217401525955e+01
2.500000000000000000e+02 2.821840451543668138e+01
2.600000000000000000e+02 2.811121705212072186e+01
2.700000000000000000e+02 2.807558456506265188e+01
2.800000000000000000e+02 2.811121752880823266e+01
2.899999999999999432e+02 2.821840549653324715e+01
3.000000000000000000e+02 2.839794363935942911e+01
3.100000000000000000e+02 2.865091492710177334e+01
3.200000000000000000e+02 2.897833197962015461e+01
3.300000000000000000e+02 2.938063752369736292e+01
3.400000000000000000e+02 2.985705330929978274e+01
3.500000000000000000e+02 3.040476087604313093e+01
3.600000000000000000e+02 3.101790324874149718e+01
