4.999999999999998196e-02
4.999999999999998890e-02
5.000000000000000278e-02
4.999999999999999584e-02
5.000000000000000278e-02
5.000000000000000278e-02
5.000000000000000278e-02
5.000000000000000971e-02
4.999999999999999584e-02
4.999999999999998890e-02
5.000000000000001665e-02
5.000000000000001665e-02
5.000000000000000971e-02
4.999999999999998890e-02
4.999999999999999584e-02
5.000000000000001665e-02
4.999999999999998890e-02
4.999999999999997502e-02
4.999999999999997502e-02
4.999999999999998890e-02
5.000000000000000278e-02
5.000000000000000971e-02
5.000000000000000971e-02
4.999999999999999584e-02
5.000000000000000971e-02
5.000000000000000971e-02
4.999999999999998890e-02
5.000000000000000971e-02
4.999999999999998196e-02
4.999999999999999584e-02
4.999999999999998196e-02
4.999999999999998890e-02
5.000000000000001665e-02
4.999999999999998890e-02
4.999999999999999584e-02
5.000000000000000971e-02
4.999999999999999584e-02
