-1.669902620599003962e+00
-1.624212172293856282e+00
-1.578902016132188946e+00
-1.535401926082752500e+00
-1.495184704108133866e+00
-1.459717915642382957e+00
-1.430395381114456521e+00
-1.408450884298832140e+00
-1.394862034908158854e+00
-1.390259633694093333e+00
-1.394861982398561073e+00
-1.408450787678652727e+00
-1.430395254468044941e+00
-1.459717774108975519e+00
-1.495184559902542176e+00
-1.535401788023760039e+00
-1.578901892790026018e+00
-1.624212075813635803e+00
-1.669904023068573551e+00
-1.714628189625972965e+00
-1.757137542050446255e+00
-1.796305087541362200e+00
-1.831137862667252314e+00
-1.860788201240798800e+00
-1.884561772792019640e+00
-1.901921563042587415e+00
-1.912487734554372487e+00
-1.916034683659069815e+00
-1.912487687276505754e+00
-1.901921467081503003e+00
-1.884561632769652162e+00
-1.860788034839542471e+00
-1.831137699563289978e+00
-1.796304959844796878e+00
-1.757137472676725265e+00
-1.714628185713315656e+00
-1.669904077144994448e+00
