0.000000000000000000e+00 2.241943551366767373e-01
3.142696805273544891e-01 2.241419597027065336e-01
6.285393610547089782e-01 2.240553011179474419e-01
9.428090415820634673e-01 2.237879727844447331e-01
1.257078722109417956e+00 2.232148579470512317e-01
1.571348402636772335e+00 2.223234535478837981e-01
1.885618083164126935e+00 2.212454354734173234e-01
2.199887763691481535e+00 2.202275779697397129e-01
2.514157444218835913e+00 2.195384822391125423e-01
2.828427124746190291e+00 2.193023164891446108e-01
2.828427124746190291e+00 2.194063600286828009e-01
2.958601888663280111e+00 2.195358976126624562e-01
3.088776652580370374e+00 2.197817728307383256e-01
3.218951416497460194e+00 2.201315921492301153e-01
3.349126180414550014e+00 2.205678340935972870e-01
3.479300944331639833e+00 2.210733289338176477e-01
3.609475708248730097e+00 2.216339449089716751e-01
3.739650472165819917e+00 2.222378283293571233e-01
3.869825236082910180e+00 2.228705389930282221e-01
4.000000000000000000e+00 2.235056276601120329e-01
4.000000000000000000e+00 2.239807462464723231e-01
4.130174763917089820e+00 2.247395811306893698e-01
4.260349527834179639e+00 2.254441820514665185e-01
4.390524291751270347e+00 2.260904160830150278e-01
4.520699055668360167e+00 2.266641449356746052e-01
4.650873819585449986e+00 2.271508577991011857e-01
4.781048583502539806e+00 2.275412308007004336e-01
4.911223347419630514e+00 2.278325407098190369e-01
5.041398111336720333e+00 2.280260453426316281e-01
5.171572875253810153e+00 2.281204469868352291e-01
5.171572875253810153e+00 2.274240801393596356e-01
5.485842555781164975e+00 2.272785673368048764e-01
5.800112236308518909e+00 2.271283020494027360e-01
6.114381916835873731e+00 2.270105153582488156e-01
6.428651597363227665e+00 2.267936013137457907e-01
6.742921277890582488e+00 2.263447488246608241e-01
7.057190958417937310e+00 2.256372913486505427e-01
7.371460638945291244e+00 2.247964745517871121e-01
7.685730319472645178e+00 2.240770195203882764e-01
8.000000000000000000e+00 2.237664852008336147e-01
