-1.406239231476766882e-01
-1.270640327925933732e-01
-1.152065615828110623e-01
-1.051934504228038136e-01
-9.704667726096039004e-02
-9.069469824519060808e-02
-8.600355360322176068e-02
-8.281214230085653938e-02
-8.096931795132711329e-02
-8.036794492640852994e-02
-8.096933101997372262e-02
-8.281216312198624863e-02
-8.600357417524939763e-02
-9.069471180449895087e-02
-9.704668124237514348e-02
-1.051934467887245539e-01
-1.152065548361571601e-01
-1.270640275572163524e-01
-1.406240784136856270e-01
-1.556041822287301812e-01
-1.715673700083502062e-01
-1.879196947879813173e-01
-2.039245527916340173e-01
-2.187396682453077723e-01
-2.314799021726416939e-01
-2.413032162249431067e-01
-2.475091934901403334e-01
-2.496322961746360036e-01
-2.475091563526929939e-01
-2.413031525854325565e-01
-2.314798285722599047e-01
-2.187396003358803576e-01
-2.039245001999563378e-01
-1.879196599723966798e-01
-1.715673505953474454e-01
-1.556041743251710407e-01
-1.406240785809491634e-01
