1.500000000000000777e-01 1.200000000000005645e-01
1.500000410449821853e-01 1.200003196625709506e-01
1.500003242958104499e-01 1.200025184429688307e-01
1.500010807156603454e-01 1.200083697070776501e-01
1.500025287080364034e-01 1.200195337227090292e-01
1.500048735603000394e-01 1.200375602004986331e-01
1.500083066947184018e-01 1.200638908723369869e-01
1.500130047875763151e-01 1.200998620939061623e-01
1.500191288103007725e-01 1.201467074589748218e-01
1.500268230403078995e-01 1.202055604141651357e-01
1.500362140834048952e-01 1.202774568639738695e-01
1.500474099440599618e-01 1.203633377569177654e-01
1.500604991746916361e-01 1.204640516448013260e-01
1.500755501303116801e-01 1.205803572082581043e-01
1.500926103503839870e-01 1.207129257429054858e-01
1.501117060856148044e-01 1.208623436016616204e-01
1.501328419835603889e-01 1.210291145899906606e-01
1.501560009434128595e-01 1.212136623120593087e-01
1.501811441470854713e-01 1.214163324669829402e-01
1.502082112707526507e-01 1.216373950955038086e-01
1.502371208782917744e-01 1.218770467785559031e-01
1.502677709956069252e-01 1.221354127902179454e-01
1.503000398625746470e-01 1.224125492085272604e-01
1.503337868573240976e-01 1.227084449884997958e-01
1.503688535857361230e-01 1.230230240024750149e-01
1.504050651274016215e-01 1.233561470535634863e-01
1.504422314278134887e-01 1.237076138685090226e-01
1.504801488252618669e-01 1.240771650766896994e-01
1.505186016997531184e-01 1.244644841822569459e-01
1.505573642302724391e-01 1.248691995365603102e-01
1.505962022458491312e-01 1.252908863180184629e-01
1.506348751551559451e-01 1.257290685264796926e-01
1.506731379387807601e-01 1.261832209988771047e-01
1.507107431878380588e-01 1.266527714526229087e-01
1.507474431722457819e-01 1.271371025627174300e-01
1.507829919217701931e-01 1.276355540779789410e-01
1.508171473028423748e-01 1.281474249811412058e-01
1.508496730741692715e-01 1.286719756968293660e-01
1.508803409043010801e-01 1.292084303506254583e-01
1.509089323345760569e-01 1.297559790815863145e-01
1.509352406712358707e-01 1.303137804096921037e-01
1.509590727909989327e-01 1.308809636588028069e-01
1.509802508449815950e-01 1.314566314347919429e-01
1.509986138465754801e-01 1.320398621576311382e-01
1.510140191297138224e-01 1.326297126453316322e-01
1.510263436648908442e-01 1.332252207468174743e-01
1.510354852213257881e-01 1.338254080200322049e-01
1.510413633647892384e-01 1.344292824508704354e-01
1.510439202818181781e-01 1.350358412078970782e-01
1.510431214223378060e-01 1.356440734272724991e-01
1.510389559540674664e-01 1.362529630218580479e-01
1.510314370235135706e-01 1.368614915081317052e-01
1.510206018198217148e-01 1.374686408443119845e-01
1.510065114392790120e-01 1.380733962729651931e-01
1.509892505497959225e-01 1.386747491613644634e-01
1.509689268562594833e-01 1.392716998329734113e-01
1.509456703692111657e-01 1.398632603836465482e-01
1.509196324808604606e-01 1.404484574764584826e-01
1.508909848539768672e-01 1.410263351095035200e-01
1.508599181307080372e-01 1.415959573515237768e-01
1.508266404698232477e-01 1.421564110408272408e-01
1.507913759222829220e-01 1.427068084436375894e-01
1.507543626563587758e-01 1.432462898687541508e-01
1.507158510447792754e-01 1.437740262361937860e-01
1.506761016275285359e-01 1.442892215983067883e-01
1.506353829649812182e-01 1.447911156127123511e-01
1.505939693969982340e-01 1.452789859672428130e-01
1.505521387244308507e-01 1.457521507579389308e-01
1.505101698301751778e-01 1.462099708219528615e-01
1.504683402574770734e-01 1.466518520279994631e-01
1.504269237636056689e-01 1.470772475277263014e-01
1.503861878672778929e-01 1.474856599720348604e-01
1.503463914083295883e-01 1.478766436969702613e-01
1.503077821380782719e-01 1.482498068842933725e-01
1.502705943586062631e-01 1.486048137022407956e-01
1.502350466288030761e-01 1.489413864322717274e-01
1.502013395544395113e-01 1.492593075877680364e-01
1.501696536787951730e-01 1.495584220307145107e-01
1.501401474894204502e-01 1.498386390923167333e-01
1.501129555554797101e-01 1.500999347033303011e-01
1.500881868087829973e-01 1.503423535395666533e-01
1.500659229800701266e-01 1.505660111876220564e-01
1.500462172003457773e-01 1.507710963353458555e-01
1.500290927750807524e-01 1.509578729909357708e-01
1.500145421368767329e-01 1.511266827338290930e-01
1.500025259797338195e-01 1.512779469997639348e-01
1.499929725753547105e-01 1.514121694015274910e-01
1.499857772689573154e-01 1.515299380860012646e-01
1.499808021488351906e-01 1.516319281271822361e-01
1.499778758804044820e-01 1.517189039539036943e-01
1.499767936916841515e-01 1.517917218100386378e-01
1.499773174930786601e-01 1.518513322440389890e-01
1.499791761099515952e-01 1.518987826237728211e-01
1.499820656017911980e-01 1.519352196717733139e-01
1.499856496367708569e-01 1.519618920152273900e-01
1.499895598851870571e-01 1.519801527442962985e-01
1.499933963896181721e-01 1.519914619716943860e-01
1.499967278636785417e-01 1.519973893858307112e-01
1.499990918649464211e-01 1.519996167892348760e-01
1.499999947810223833e-01 1.519999406134072417e-01
1.499999947810223833e-01 1.519999406134071029e-01
1.499990180909015480e-01 1.519998374891835535e-01
1.499961481913072714e-01 1.519991236323570416e-01
1.499914753587202054e-01 1.519972101849976498e-01
1.499850899547060523e-01 1.519935318266209534e-01
1.499770824665065949e-01 1.519875464128504494e-01
1.499675435134215085e-01 1.519787346113382343e-01
1.499565638234264808e-01 1.519665995354212429e-01
1.499442341841645543e-01 1.519506663759755960e-01
1.499306453721455101e-01 1.519304820319176130e-01
1.499158880637009861e-01 1.519056147397885304e-01
1.499000527309641839e-01 1.518756537028459475e-01
1.498832295258759606e-01 1.518402087200714790e-01
1.498655081549626067e-01 1.517989098154887140e-01
1.498469777473842857e-01 1.517514068681690975e-01
1.498277267185184058e-01 1.516973692432833642e-01
1.498078426311157951e-01 1.516364854245356164e-01
1.497874120558541078e-01 1.515684626482939890e-01
1.497665204329078348e-01 1.514930265397050335e-01
1.497452519359585288e-01 1.514099207510530010e-01
1.497236893398865287e-01 1.513189066025946161e-01
1.497019138932079996e-01 1.512197627260687682e-01
1.496800051961582334e-01 1.511122847110487055e-01
1.496580410851646448e-01 1.509962847542702380e-01
1.496360975243078151e-01 1.508715913120345087e-01
1.496142485042314951e-01 1.507380487557496151e-01
1.495925659488342996e-01 1.505955170306394197e-01
1.495711196299573109e-01 1.504438713176139697e-01
1.495499770901713155e-01 1.502830016982596995e-01
1.495292035736653091e-01 1.501128128228754466e-01
1.495088619651460116e-01 1.499332235814463954e-01
1.494890127365712251e-01 1.497441667774182528e-01
1.494697139014646015e-01 1.495455888041028469e-01
1.494510209764893793e-01 1.493374493235192224e-01
1.494329869498973173e-01 1.491197209474498520e-01
1.494156622564149495e-01 1.488923889204674389e-01
1.493990947580823014e-01 1.486554508046675493e-01
1.493833297305197094e-01 1.484089161658247169e-01
1.493684098540639382e-01 1.481528062606750351e-01
1.493543752091892329e-01 1.478871537250159574e-01
1.493412632756073721e-01 1.476120022623055583e-01
1.493291089344260802e-01 1.473274063324376826e-01
1.493179444727364968e-01 1.470334308403664081e-01
1.493077995899953769e-01 1.467301508242548902e-01
1.492987014055698891e-01 1.464176511428258998e-01
1.492906744668182351e-01 1.460960261615991129e-01
1.492837407570887787e-01 1.457653794377095913e-01
1.492779197030358884e-01 1.454258234030134933e-01
1.492732281806671280e-01 1.450774790452042662e-01
1.492696805195586063e-01 1.447204755866776105e-01
1.492672885046996134e-01 1.443549501609072139e-01
1.492660613754528687e-01 1.439810474861115686e-01
1.492660058211490448e-01 1.435989195360210247e-01
1.492671259728616528e-01 1.432087252075767703e-01
1.492694233909440671e-01 1.428106299854247641e-01
1.492728970479429151e-01 1.424048056030938481e-01
1.492775433065369750e-01 1.419914297007805748e-01
1.492833558921863868e-01 1.415706854796927872e-01
1.492903258602120420e-01 1.411427613529368241e-01
1.492984415570600132e-01 1.407078505929658108e-01
1.493076885755420802e-01 1.402661509756385205e-01
1.493180497038739396e-01 1.398178644209712440e-01
1.493295048683687121e-01 1.393631966306972114e-01
1.493420310696722542e-01 1.389023567227795075e-01
1.493556023124550380e-01 1.384355568630537825e-01
1.493701895285050874e-01 1.379630118942073713e-01
1.493857604931869976e-01 1.374849389623294671e-01
1.494022797352562715e-01 1.370015571412933619e-01
1.494197084400350761e-01 1.365130870552578313e-01
1.494380043459705432e-01 1.360197504995972195e-01
1.494571216346084475e-01 1.355217700605912678e-01
1.494770108140215936e-01 1.350193687342254589e-01
1.494976185957359038e-01 1.345127695444679194e-01
1.495188877651953407e-01 1.340021951614054352e-01
1.495407570458009705e-01 1.334878675196307096e-01
1.495631609565488407e-01 1.329700074372840990e-01
1.495860296632741948e-01 1.324488342361587745e-01
1.496092888234895613e-01 1.319245653632826476e-01
1.496328594247761379e-01 1.313974160143916714e-01
1.496566576166557805e-01 1.308675987597077428e-01
1.496805945358322398e-01 1.303353231724310723e-01
1.497045761246456330e-01 1.298007954603494496e-01
1.497285029425323988e-01 1.292642181009597824e-01
1.497522699702274196e-01 1.287257894804833824e-01
1.497757664063782690e-01 1.281857035371465614e-01
1.497988754561729030e-01 1.276441494090774509e-01
1.498214741115033166e-01 1.271013110871595519e-01
1.498434329221031147e-01 1.265573670731551248e-01
1.498646157570044934e-01 1.260124900433973461e-01
1.498848795555615399e-01 1.254668465183240988e-01
1.499040740671792049e-01 1.249205965381039868e-01
1.499220415787738125e-01 1.243738933445813488e-01
1.499386166288689537e-01 1.238268830697413642e-01
1.499536257071008294e-01 1.232797044308700796e-01
1.499668869377716318e-01 1.227324884325621396e-01
1.499782097459439467e-01 1.221853580756990659e-01
1.499873945044184753e-01 1.216384280734989498e-01
1.499942321597785289e-01 1.210918045747145788e-01
1.499985038355179379e-01 1.205455848940311381e-01
1.499999804100985157e-01 1.199998572496960847e-01
1.499999804100984879e-01 1.199998572496960431e-01
1.499985074606277058e-01 1.194546808795426684e-01
1.499942601858320901e-01 1.189100357368911842e-01
1.499874858811311995e-01 1.183658964650751988e-01
1.499784189145054736e-01 1.178222537297736461e-01
1.499672813149688644e-01 1.172791136944373036e-01
1.499542833305994027e-01 1.167364974893820989e-01
1.499396239585513158e-01 1.161944406753282755e-01
1.499234914492589277e-01 1.156529927021241050e-01
1.499060637868403767e-01 1.151122163633570561e-01
1.498875091475183052e-01 1.145721872475253811e-01
1.498679863376920773e-01 1.140329931864148688e-01
1.498476452131272674e-01 1.134947337013057223e-01
1.498266270805680977e-01 1.129575194476117872e-01
1.498050650829302888e-01 1.124214716585398288e-01
1.497830845690911739e-01 1.118867215883395938e-01
1.497608034491700879e-01 1.113534099557056956e-01
1.497383325360683581e-01 1.108216863878771635e-01
1.497157758739343369e-01 1.102917088659724765e-01
1.496932310541165267e-01 1.097636431720860201e-01
1.496707895190803883e-01 1.092376623386627776e-01
1.496485368546801309e-01 1.087139461006573077e-01
1.496265530711072544e-01 1.081926803509721535e-01
1.496049128727700295e-01 1.076740565996577303e-01
1.495836859173027555e-01 1.071582714373460338e-01
1.495629370638533462e-01 1.066455260033718766e-01
1.495427266107562658e-01 1.061360254590223706e-01
1.495231105226609847e-01 1.056299784663358443e-01
1.495041406471583900e-01 1.051275966728521527e-01
1.494858649209237222e-01 1.046290942026937842e-01
1.494683275653780896e-01 1.041346871543333413e-01
1.494515692718590139e-01 1.036445931053759373e-01
1.494356273762841303e-01 1.031590306246563393e-01
1.494205360232913338e-01 1.026782187919193789e-01
1.494063263198419367e-01 1.022023767253184695e-01
1.493930264782807049e-01 1.017317231169317521e-01
1.493806619488597665e-01 1.012664757764563106e-01
1.493692555417480694e-01 1.008068511832021508e-01
1.493588275385676623e-01 1.003530640464654622e-01
1.493493957935209115e-01 9.990532687431605274e-02
1.493409758241975027e-01 9.946384955079069778e-02
1.493335808921787133e-01 9.902883892143535260e-02
1.493272220735866185e-01 9.860049838709501746e-02
1.493219083197579455e-01 9.817902750579832194e-02
1.493176465082576565e-01 9.776462160253841793e-02
1.493144414844817525e-01 9.735747138670158840e-02
1.493122960941356270e-01 9.695776257684583788e-02
1.493112112069137076e-01 9.656567553248569802e-02
1.493111857317420688e-01 9.618138489249067336e-02
1.493122166239850834e-01 9.580505921965816463e-02
1.493142988850570396e-01 9.543686065098039295e-02
1.493174255549145069e-01 9.507694455307791337e-02
1.493215876979456513e-01 9.472545918223516936e-02
1.493267743828074479e-01 9.438254534843509846e-02
1.493329726567965143e-01 9.404833608275345314e-02
1.493401675153741004e-01 9.372295630744448269e-02
1.493483418674951269e-01 9.340652250801920187e-02
1.493574764974220093e-01 9.309914240659503126e-02
1.493675500237292009e-01 9.280091463577501421e-02
1.493785388562288707e-01 9.251192841229979869e-02
1.493904171515671175e-01 9.223226320970420722e-02
1.494031567682574391e-01 9.196198842920574879e-02
1.494167272219307785e-01 9.170116306805033146e-02
1.494310956415886849e-01 9.144983538454705407e-02
1.494462267276502332e-01 9.120804255903239288e-02
1.494620827125816009e-01 9.097581035002223759e-02
1.494786233248896756e-01 9.075315274482986805e-02
1.494958057572480237e-01 9.054007160395766141e-02
1.495135846395045931e-01 9.033655629860176672e-02
1.495319120172933225e-01 9.014258334065003431e-02
1.495507373369409920e-01 8.995811600459774349e-02
1.495700074373167432e-01 8.978310394085625701e-02
1.495896665492257860e-01 8.961748277998776713e-02
1.496096563028906368e-01 8.946117372745934770e-02
1.496299157439960892e-01 8.931408314857822162e-02
1.496503813587015674e-01 8.917610214334295571e-02
1.496709871079359710e-01 8.904710611102187312e-02
1.496916644711967781e-01 8.892695430435157422e-02
1.497123424999685093e-01 8.881548937333744176e-02
1.497329478807564174e-01 8.871253689872350690e-02
1.497534050076040901e-01 8.861790491529988878e-02
1.497736360638193820e-01 8.853138342530555982e-02
1.497935611124801003e-01 8.845274390229064532e-02
1.498130981951221186e-01 8.838173878590155352e-02
1.498321634378309286e-01 8.831810096815867483e-02
1.498506711637611621e-01 8.826154327190084692e-02
1.498685340108995845e-01 8.821175792218205469e-02
1.498856630536586909e-01 8.816841601151080565e-02
1.499019679266493377e-01 8.813116695993405969e-02
1.499173569487221580e-01 8.809963797107929484e-02
1.499317372450957864e-01 8.807343348537363670e-02
1.499450148650988135e-01 8.805213463177581634e-02
1.499570948927489988e-01 8.803529867946210952e-02
1.499678815470678050e-01 8.802245849101970887e-02
1.499772782686925043e-01 8.801312197881545896e-02
1.499851877889898100e-01 8.800677156631495079e-02
1.499915121775048377e-01 8.800286365624504503e-02
1.499961528631902075e-01 8.800082810760748164e-02
1.499990106244573074e-01 8.800006772367141572e-02
1.499999855426718820e-01 8.799995775319531532e-02
1.499999855426719098e-01 8.799995775319534308e-02
1.499990820034929340e-01 8.800026084011280947e-02
1.499967137186334898e-01 8.800234561533933075e-02
1.499933708634589302e-01 8.800789357639422772e-02
1.499895127161126607e-01 8.801847922561911730e-02
1.499855677186673342e-01 8.803557272017312196e-02
1.499819333635322993e-01 8.806054261642051739e-02
1.499789759615710594e-01 8.809465867658312910e-02
1.499770303420612239e-01 8.813909470863984241e-02
1.499763995286406415e-01 8.819493141344068865e-02
1.499773544297410277e-01 8.826315921588663571e-02
1.499801335767235178e-01 8.834468105982849762e-02
1.499849429379940813e-01 8.844031514906919300e-02
1.499919558327933444e-01 8.855079761951976935e-02
1.500013129641105114e-01 8.867678513015521402e-02
1.500131225862582351e-01 8.881885736294024836e-02
1.500274608190478864e-01 8.897751942433869410e-02
1.500443721172094458e-01 8.915320414336594390e-02
1.500638699006866528e-01 8.934627426339515621e-02
1.500859373486932991e-01 8.955702452705344152e-02
1.501105283579191596e-01 8.978568365554945307e-02
1.501375686630082029e-01 9.003241622563223912e-02
1.501669571153808613e-01 9.029732444909324696e-02
1.501985671146180978e-01 9.058044986127164466e-02
1.502322481849573954e-01 9.088177492640046873e-02
1.502678276879509944e-01 9.120122456883540674e-02
1.503051126609959431e-01 9.153866764022376701e-02
1.503438917702549782e-01 9.189391833350932237e-02
1.503839373654324574e-01 9.226673755530914733e-02
1.504250076229510236e-01 9.265683426866147543e-02
1.504668487632803697e-01 9.306386681841360975e-02
1.505091973274987338e-01 9.348744425161091554e-02
1.505517824976181918e-01 9.392712764516471247e-02
1.505943284447698038e-01 9.438243145282136648e-02
1.506365566890319474e-01 9.485282488304526416e-02
1.506781884544854400e-01 9.533773331886720437e-02
1.507189470029985379e-01 9.583653979005171686e-02
1.507585599302836699e-01 9.634858650711863870e-02
1.507967614079226137e-01 9.687317646582552233e-02
1.508332943553347960e-01 9.740957512969650178e-02
1.508679125260578568e-01 9.795701219708805030e-02
1.509003824932241278e-01 9.851468345812378069e-02
1.509304855197516892e-01 9.908175274563443824e-02
1.509580192995151338e-01 9.965735398301617254e-02
1.509827995566260239e-01 1.002405933306928093e-01
1.510046614909224816e-01 1.008305514316487073e-01
1.510234610588452042e-01 1.014262857553091535e-01
1.510390760800481569e-01 1.020268330378989174e-01
1.510514071613587861e-01 1.026312118163207332e-01
1.510603784310466657e-01 1.032384250515829271e-01
1.510659380777785721e-01 1.038474628368717123e-01
1.510680586901191336e-01 1.044573051845366918e-01
1.510667373939661440e-01 1.050669248855270188e-01
1.510619957868804819e-01 1.056752904342058430e-01
1.510538796698666086e-01 1.062813690109777054e-01
1.510424585787676910e-01 1.068841295147948539e-01
1.510278251190496634e-01 1.074825456373633137e-01
1.510100941093425186e-01 1.080755989707538472e-01
1.509894015406760548e-01 1.086622821401251604e-01
1.509659033598738931e-01 1.092416019533882510e-01
1.509397740870456195e-01 1.098125825598803285e-01
1.509112052785240021e-01 1.103742686104498272e-01
1.508804038479257537e-01 1.109257284117917963e-01
1.508475902592559259e-01 1.114660570683888574e-01
1.508129966071168337e-01 1.119943796060012403e-01
1.507768646001146351e-01 1.125098540712953510e-01
1.507394434644669379e-01 1.130116746028904939e-01
1.507009877855999269e-01 1.134990744698243792e-01
1.506617553061687376e-01 1.139713290741687923e-01
1.506220046994383721e-01 1.144277589152631613e-01
1.505819933373150343e-01 1.148677325137525684e-01
1.505419750725103256e-01 1.152906692943073685e-01
1.505021980543526372e-01 1.156960424265538606e-01
1.504629025976204348e-01 1.160833816243439370e-01
1.504243191234556354e-01 1.164522759040293037e-01
1.503866661909203095e-01 1.168023763028764178e-01
1.503501486370733276e-01 1.171333985591471866e-01
1.503149558425660171e-01 1.174451257556899664e-01
1.502812601386776525e-01 1.177374109291151605e-01
1.502492153704244604e-01 1.180101796467885045e-01
1.502189556288773542e-01 1.182634325539520803e-01
1.501905941641022979e-01 1.184972478932997120e-01
1.501642224881865051e-01 1.187117839992826718e-01
1.501399096756263485e-01 1.189072817693304918e-01
1.501177018659206608e-01 1.190840671140445811e-01
1.500976219705243975e-01 1.192425533882798677e-01
1.500796695833687966e-01 1.193832438048900851e-01
1.500638210909321646e-01 1.195067338327941986e-01
1.500500299743430521e-01 1.196137135809491464e-01
1.500382272922081150e-01 1.197049701698067181e-01
1.500283223287680323e-01 1.197813900919105917e-01
1.500202033875927543e-01 1.198439615634807054e-01
1.500137387063220362e-01 1.198937768691502315e-01
1.500087774629313142e-01 1.199320347024778605e-01
1.500051508386490984e-01 1.199600425054827002e-01
1.500026730969665767e-01 1.199792188112307201e-01
1.500011426321478103e-01 1.199910955944547275e-01
1.500003429342731676e-01 1.199973206363001144e-01
1.500000434111095349e-01 1.199996599105436074e-01
1.500000000000000777e-01 1.200000000000004952e-01
