-3.811663155698209737e-02
-3.811042441192033503e-02
-3.799669512128057286e-02
-3.739568128727940172e-02
-3.570014036302453925e-02
-3.225117743009284221e-02
-2.663408042446259102e-02
-1.893592748824780153e-02
-9.772685284442304485e-03
5.774201986691082489e-09
5.774202013971633095e-09
9.789812329328616627e-03
1.921389174959234336e-02
2.767610176105583797e-02
3.452914261261148116e-02
3.927469108742218801e-02
4.170615998824260540e-02
4.197173043891110067e-02
4.055994473802301825e-02
3.823316456035292382e-02
3.823316456035293076e-02
3.562843484645070169e-02
3.243164590746212828e-02
2.849992974315597449e-02
2.399944611156682936e-02
1.920183651575735687e-02
1.433675229165596449e-02
9.519796784649935811e-03
4.755478806566526724e-03
-2.796953630550787085e-09
-2.796953617357728635e-09
-4.765398058536197273e-03
-9.702788087704940917e-03
-1.507842002396386251e-02
-2.095588171598827820e-02
-2.695344904939219605e-02
-3.226863110217267211e-02
-3.602751633823958466e-02
-3.781466895614088441e-02
-3.811657046078728572e-02
