0.000000000000000000e+00 9.048440732872560857e-03
3.142696805273544891e-01 8.624856032766218747e-03
6.285393610547089782e-01 7.433214462026699505e-03
9.428090415820634673e-01 5.637557439561756423e-03
1.257078722109417956e+00 3.497314022444427892e-03
1.571348402636772335e+00 1.371615777862919333e-03
1.885618083164126935e+00 -3.244744567551861338e-04
2.199887763691481535e+00 -1.209048386364265345e-03
2.514157444218835913e+00 -1.063168522080447202e-03
2.828427124746190291e+00 4.289391862997368074e-10
2.828427124746190291e+00 4.289391812400532224e-10
2.958601888663280111e+00 5.535693560174601534e-04
3.088776652580370374e+00 9.629187399493265281e-04
3.218951416497460194e+00 1.052309949489679125e-03
3.349126180414550014e+00 6.764703834217712002e-04
3.479300944331639833e+00 -2.609616085816744051e-04
3.609475708248730097e+00 -1.790641963945728945e-03
3.739650472165819917e+00 -3.862776041430774233e-03
3.869825236082910180e+00 -6.334894586537166694e-03
4.000000000000000000e+00 -8.962699161799489792e-03
4.000000000000000000e+00 -8.962699161799524486e-03
4.130174763917089820e+00 -1.124493186091920019e-02
4.260349527834179639e+00 -1.269845805045855848e-02
4.390524291751270347e+00 -1.319522619083425205e-02
4.520699055668360167e+00 -1.270859906322229123e-02
4.650873819585449986e+00 -1.130120162065496175e-02
4.781048583502539806e+00 -9.110503567274053083e-03
4.911223347419630514e+00 -6.332991303854170612e-03
5.041398111336720333e+00 -3.207742086105270889e-03
5.171572875253810153e+00 2.407353146531395672e-09
5.171572875253810153e+00 2.407353206110853594e-09
5.485842555781164975e+00 6.634001180696453941e-03
5.800112236308518909e+00 1.111133402733147611e-02
6.114381916835873731e+00 1.348474304900642955e-02
6.428651597363227665e+00 1.409915940126181370e-02
6.742921277890582488e+00 1.346065975346856340e-02
7.057190958417937310e+00 1.213367632509759243e-02
7.371460638945291244e+00 1.065984401673911869e-02
7.685730319472645178e+00 9.505554927877003790e-03
8.000000000000000000e+00 9.048500314263864183e-03
