2.101825866621696015e-01
2.070806116858063817e-01
1.978452695782828563e-01
1.826920017207909197e-01
1.619907758105596507e-01
1.362779814337451434e-01
1.062647710234112530e-01
7.283514701445348294e-02
3.702795680845616388e-02
-2.348364747106757022e-08
-3.702800080954204986e-02
-7.283518207277062118e-02
-1.062647916623733479e-01
-1.362779844004484708e-01
-1.619907621228713346e-01
-1.826919774770470184e-01
-1.978452445396987613e-01
-2.070805959284709452e-01
-2.101825845208842303e-01
-2.070806116890517856e-01
-1.978452694858163774e-01
-1.826920012461417109e-01
-1.619907747772861839e-01
-1.362779800178013367e-01
-1.062647696779137618e-01
-7.283514614064179327e-02
-3.702795647569878668e-02
2.351884509366186649e-08
3.702800081592538817e-02
7.283518206432137987e-02
1.062647913979448688e-01
1.362779836703524872e-01
1.619907610321198455e-01
1.826919764191354822e-01
1.978452438756064247e-01
2.070805957029291378e-01
2.101825845044769103e-01
