-3.811296064816619561e-02
-3.857797377547889789e-02
-3.958835275785325958e-02
-4.052070138490204004e-02
-4.065027353569086732e-02
-3.914435599477083388e-02
-3.510385444163520441e-02
-2.765260964784087283e-02
-1.607437038206344093e-02
-3.665133946672328132e-06
-8.169744383769316466e-06
7.731244198670421224e-03
1.548374654069946225e-02
2.279568969591925023e-02
2.924625235763452999e-02
3.446821564288405498e-02
3.816606195435490873e-02
4.013064153053486766e-02
4.024991162893978847e-02
3.851562072648898744e-02
3.852475088584158408e-02
3.517653015499623559e-02
3.098023755925917097e-02
2.633321396266367215e-02
2.153009934417525820e-02
1.677597530402992823e-02
1.220031938504676297e-02
7.871366884011720896e-03
3.810815842676452438e-03
9.131930566562029120e-06
3.832701532995149159e-06
-7.982613941218656348e-03
-1.471196680127916968e-02
-2.061412492905510124e-02
-2.580506572857802286e-02
-3.022056392696749819e-02
-3.372872952776942435e-02
-3.621993387896933758e-02
-3.766355016468184852e-02
-3.812040596006366355e-02
