1.500000000000000777e-01 1.200000000000005645e-01
1.499998894448585640e-01 1.200019341648061177e-01
1.499995677174235653e-01 1.200077236102210787e-01
1.499990493813274095e-01 1.200173488237348401e-01
1.499983485501366343e-01 1.200307903733446868e-01
1.499974788968493900e-01 1.200480289064621009e-01
1.499964536631860079e-01 1.200690451487328447e-01
1.499952856686711800e-01 1.200938199027725140e-01
1.499939873195078321e-01 1.201223340468217798e-01
1.499925706172419160e-01 1.201545685333243185e-01
1.499910471672180612e-01 1.201905043874296614e-01
1.499894281868259238e-01 1.202301227054243388e-01
1.499877245135366188e-01 1.202734046530947731e-01
1.499859466127292928e-01 1.203203314640239191e-01
1.499841045853075594e-01 1.203708844378245657e-01
1.499822081751056302e-01 1.204250449383127836e-01
1.499802667760840869e-01 1.204827943916234739e-01
1.499782894393153210e-01 1.205441142842710867e-01
1.499762848797583925e-01 1.206089861611580050e-01
1.499742614828232512e-01 1.206773916235331506e-01
1.499722273107245984e-01 1.207493123269040430e-01
1.499701901086253342e-01 1.208247299789033252e-01
1.499681573105692001e-01 1.209036263371137815e-01
1.499661360452033965e-01 1.209859832068539559e-01
1.499641331412908118e-01 1.210717824389256347e-01
1.499621551330120039e-01 1.211610059273269396e-01
1.499602082650571544e-01 1.212536356069330024e-01
1.499582984975082467e-01 1.213496534511460945e-01
1.499564315105113566e-01 1.214490414695175990e-01
1.499546127087394709e-01 1.215517817053442945e-01
1.499528472256459466e-01 1.216578562332412405e-01
1.499511399275088863e-01 1.217672471566926123e-01
1.499494954172663763e-01 1.218799366055836053e-01
1.499479180381434740e-01 1.219959067337149788e-01
1.499464118770705012e-01 1.221151397163019875e-01
1.499449807678932267e-01 1.222376177474604475e-01
1.499436282943754639e-01 1.223633230376811321e-01
1.499423577929938356e-01 1.224922378112952570e-01
1.499411723555256204e-01 1.226243443039321951e-01
1.499400748314296539e-01 1.227596247599714724e-01
1.499390678300207280e-01 1.228980614299917673e-01
1.499381537224377947e-01 1.230396365682168841e-01
1.499373346434068333e-01 1.231843324299628784e-01
1.499366124927978550e-01 1.233321312690854460e-01
1.499359889369772381e-01 1.234830153354319338e-01
1.499354654099560313e-01 1.236369668722974574e-01
1.499350431143333107e-01 1.237939681138880282e-01
1.499347230220371696e-01 1.239540012827922977e-01
1.499345058748616233e-01 1.241170485874626556e-01
1.499343921848019234e-01 1.242830922197079996e-01
1.499343822341872023e-01 1.244521143521998829e-01
1.499344760756121109e-01 1.246240971359929145e-01
1.499346735316676449e-01 1.247990226980609935e-01
1.499349741944713543e-01 1.249768731388515297e-01
1.499353774249985172e-01 1.251576305298579272e-01
1.499358823522140005e-01 1.253412769112131897e-01
1.499364878720057526e-01 1.255277942893042731e-01
1.499371926459212856e-01 1.257171646344104332e-01
1.499379950997064559e-01 1.259093698783649296e-01
1.499388934216490665e-01 1.261043919122431523e-01
1.499398855607263492e-01 1.263022125840772558e-01
1.499409692245584624e-01 1.265028136965992422e-01
1.499421418771680059e-01 1.267061770050126324e-01
1.499434007365470500e-01 1.269122842147957786e-01
1.499447427720317638e-01 1.271211169795355977e-01
1.499461647014864729e-01 1.273326568987951934e-01
1.499476629882975365e-01 1.275468855160150072e-01
1.499492338381782364e-01 1.277637843164483866e-01
1.499508731957854002e-01 1.279833347251342068e-01
1.499525767411495625e-01 1.282055181049056025e-01
1.499543398859188026e-01 1.284303157544373908e-01
1.499561577694181469e-01 1.286577089063322688e-01
1.499580252545251458e-01 1.288876787252466460e-01
1.499599369233635404e-01 1.291202063060583882e-01
1.499618870728154363e-01 1.293552726720748336e-01
1.499638697098537032e-01 1.295928587732849135e-01
1.499658785466962130e-01 1.298329454846537667e-01
1.499679069957825794e-01 1.300755136044623450e-01
1.499699481645751231e-01 1.303205438526912341e-01
1.499719948501863076e-01 1.305680168694516308e-01
1.499740395338323706e-01 1.308179132134615064e-01
1.499760743751164527e-01 1.310702133605701480e-01
1.499780912061418336e-01 1.313248977023302733e-01
1.499800815254571096e-01 1.315819465446187164e-01
1.499820364918349191e-01 1.318413401063069923e-01
1.499839469178864404e-01 1.321030585179806816e-01
1.499858032635124905e-01 1.323670818207106081e-01
1.499875956291936985e-01 1.326333899648743375e-01
1.499893137491219719e-01 1.329019628090293004e-01
1.499909469841738952e-01 1.331727801188382077e-01
1.499924843147291409e-01 1.334458215660472569e-01
1.499939143333358371e-01 1.337210667275168796e-01
1.499952252372240835e-01 1.339984950843065847e-01
1.499964048206707257e-01 1.342780860208133142e-01
1.499974404672169137e-01 1.345598188239642834e-01
1.499983191417409434e-01 1.348436726824640830e-01
1.499990273823886278e-01 1.351296266860977369e-01
1.499995512923630869e-01 1.354176598250880770e-01
1.499998765315772309e-01 1.357077509895089074e-01
1.499999883081702678e-01 1.359998789687545395e-01
1.499999883081702401e-01 1.359998789687545118e-01
1.499999955815001229e-01 1.361214307990888106e-01
1.500000167313579325e-01 1.362432352093053411e-01
1.500000507711011788e-01 1.363652823849528517e-01
1.500000967388878670e-01 1.364875625070192666e-01
1.500001536977427774e-01 1.366100657520602502e-01
1.500002207356141426e-01 1.367327822923296576e-01
1.500002969654200546e-01 1.368557022959130676e-01
1.500003815250854078e-01 1.369788159268629235e-01
1.500004735775685438e-01 1.371021133453358964e-01
1.500005723108779887e-01 1.372255847077324120e-01
1.500006769380792249e-01 1.373492201668379542e-01
1.500007866972916937e-01 1.374730098719663396e-01
1.500009008516753339e-01 1.375969439691046015e-01
1.500010186894073505e-01 1.377210126010597058e-01
1.500011395236491574e-01 1.378452059076067659e-01
1.500012626925026349e-01 1.379695140256384789e-01
1.500013875589567836e-01 1.380939270893165594e-01
1.500015135108242470e-01 1.382184352302241737e-01
1.500016399606673156e-01 1.383430285775192059e-01
1.500017663457144101e-01 1.384676972580892729e-01
1.500018921277656569e-01 1.385924313967075439e-01
1.500020167930887771e-01 1.387172211161893098e-01
1.500021398523048166e-01 1.388420565375498572e-01
1.500022608402630242e-01 1.389669277801624803e-01
1.500023793159063201e-01 1.390918249619177149e-01
1.500024948621256904e-01 1.392167381993830721e-01
1.500026070856049776e-01 1.393416576079627434e-01
1.500027156166546527e-01 1.394665733020585552e-01
1.500028201090359836e-01 1.395914753952303689e-01
1.500029202397740735e-01 1.397163540003573123e-01
1.500030157089610738e-01 1.398411992297988737e-01
1.500031062395487669e-01 1.399660011955558003e-01
1.500031915771306568e-01 1.400907500094316915e-01
1.500032714897135688e-01 1.402154357831931764e-01
1.500033457674790904e-01 1.403400486287312843e-01
1.500034142225339095e-01 1.404645786582212896e-01
1.500034766886501336e-01 1.405890159842827503e-01
1.500035330209947837e-01 1.407133507201387967e-01
1.500035830958486305e-01 1.408375729797748388e-01
1.500036268103147052e-01 1.409616728780966888e-01
1.500036640820157086e-01 1.410856405310875750e-01
1.500036948487813437e-01 1.412094660559646553e-01
1.500037190683240484e-01 1.413331395713339766e-01
1.500037367179051506e-01 1.414566511973451568e-01
1.500037477939891728e-01 1.415799910558442620e-01
1.500037523118879779e-01 1.417031492705254081e-01
1.500037503053939236e-01 1.418261159670816118e-01
1.500037418264020816e-01 1.419488812733536443e-01
1.500037269445217147e-01 1.420714353194774959e-01
1.500037057466767076e-01 1.421937682380303991e-01
1.500036783366952564e-01 1.423158701641750179e-01
1.500036448348881779e-01 1.424377312358018621e-01
1.500036053776166445e-01 1.425593415936698971e-01
1.500035601168488442e-01 1.426806913815451827e-01
1.500035092197049835e-01 1.428017707463374864e-01
1.500034528679922152e-01 1.429225698382345366e-01
1.500033912577272976e-01 1.430430788108346951e-01
1.500033245986489849e-01 1.431632878212766302e-01
1.500032531137187597e-01 1.432831870303670763e-01
1.500031770386102969e-01 1.434027666027059833e-01
1.500030966211879646e-01 1.435220167068093078e-01
1.500030121209737777e-01 1.436409275152288612e-01
1.500029238086028893e-01 1.437594892046699935e-01
1.500028319652683129e-01 1.438776919561058909e-01
1.500027368821532092e-01 1.439955259548898192e-01
1.500026388598527660e-01 1.441129813908638424e-01
1.500025382077839198e-01 1.442300484584643216e-01
1.500024352435839203e-01 1.443467173568256656e-01
1.500023302924969881e-01 1.444629782898795012e-01
1.500022236867497305e-01 1.445788214664515126e-01
1.500021157649147341e-01 1.446942371003545891e-01
1.500020068712624721e-01 1.448092154104790308e-01
1.500018973551014434e-01 1.449237466208791181e-01
1.500017875701070702e-01 1.450378209608561841e-01
1.500016778736377732e-01 1.451514286650383567e-01
1.500015686260404713e-01 1.452645599734567472e-01
1.500014601899430922e-01 1.453772051316175873e-01
1.500013529295360082e-01 1.454893543905713682e-01
1.500012472098411209e-01 1.456009980069772614e-01
1.500011433959687612e-01 1.457121262431650133e-01
1.500010418523633204e-01 1.458227293671915115e-01
1.500009429420359475e-01 1.459327976528946580e-01
1.500008470257856441e-01 1.460423213799425524e-01
1.500007544614081201e-01 1.461512908338790107e-01
1.500006656028923802e-01 1.462596963061645605e-01
1.500005807996052098e-01 1.463675280942140500e-01
1.500005003954631988e-01 1.464747765014293990e-01
1.500004247280926628e-01 1.465814318372282710e-01
1.500003541279770758e-01 1.466874844170689696e-01
1.500002889175921506e-01 1.467929245624703949e-01
1.500002294105284295e-01 1.468977426010282250e-01
1.500001759106015797e-01 1.470019288664262125e-01
1.500001287109498649e-01 1.471054736984433731e-01
1.500000880931193492e-01 1.472083674429569278e-01
1.500000543261362507e-01 1.473106004519403323e-01
1.500000276655668596e-01 1.474121630834570873e-01
1.500000083525647177e-01 1.475130457016497476e-01
1.499999966129048068e-01 1.476132386767251004e-01
1.499999926560054431e-01 1.477127323849335705e-01
1.499999926560054431e-01 1.477127323849335705e-01
1.499999946644790805e-01 1.477885805416892795e-01
1.500000004179071755e-01 1.478639737396773846e-01
1.500000095207648376e-01 1.479389054640807832e-01
1.500000215940184844e-01 1.480133692025812076e-01
1.500000362749616123e-01 1.480873584453526182e-01
1.500000532170444600e-01 1.481608666850532108e-01
1.500000720896974837e-01 1.482338874168150633e-01
1.500000925781493355e-01 1.483064141382327839e-01
1.500001143832385142e-01 1.483784403493500770e-01
1.500001372212194095e-01 1.484499595526448390e-01
1.500001608235619344e-01 1.485209652530126989e-01
1.500001849367456896e-01 1.485914509577484777e-01
1.500002093220476340e-01 1.486614101765262042e-01
1.500002337553245080e-01 1.487308364213774381e-01
1.500002580267886243e-01 1.487997232066681219e-01
1.500002819407779409e-01 1.488680640490728790e-01
1.500003053155203048e-01 1.489358524675490070e-01
1.500003279828916181e-01 1.490030819833072784e-01
1.500003497881680359e-01 1.490697461197821594e-01
1.500003705897721140e-01 1.491358384025996131e-01
1.500003902590134053e-01 1.492013523595439317e-01
1.500004086798224501e-01 1.492662815205219318e-01
1.500004257484795489e-01 1.493306194175262613e-01
1.500004413733368458e-01 1.493943595845966532e-01
1.500004554745351937e-01 1.494574955577795683e-01
1.500004679837145527e-01 1.495200208750861459e-01
1.500004788437184489e-01 1.495819290764484055e-01
1.500004880082931868e-01 1.496432137036739496e-01
1.500004954417800407e-01 1.497038683003988624e-01
1.500005011188025594e-01 1.497638864120390823e-01
1.500005050239471283e-01 1.498232615857398586e-01
1.500005071514383947e-01 1.498819873703240713e-01
1.500005075048080894e-01 1.499400573162382455e-01
1.500005060965582671e-01 1.499974649754979295e-01
1.500005029478187479e-01 1.500542039016301565e-01
1.500004980879986183e-01 1.501102676496155752e-01
1.500004915544315698e-01 1.501656497758285802e-01
1.500004833920156877e-01 1.502203438379753064e-01
1.500004736528473825e-01 1.502743433950310403e-01
1.500004623958493266e-01 1.503276420071754105e-01
1.500004496863924508e-01 1.503802332357265237e-01
1.500004355959124736e-01 1.504321106430734634e-01
1.500004202015201571e-01 1.504832677926068174e-01
1.500004035856062345e-01 1.505336982486490394e-01
1.500003858354399533e-01 1.505833955763817567e-01
1.500003670427623725e-01 1.506323533417731897e-01
1.500003473033735546e-01 1.506805651115033506e-01
1.500003267167142884e-01 1.507280244528879098e-01
1.500003053854413737e-01 1.507747249338009243e-01
1.500002834149981590e-01 1.508206601225965393e-01
1.500002609131784737e-01 1.508658235880290799e-01
1.500002379896854254e-01 1.509102088991716994e-01
1.500002147556840082e-01 1.509538096253344452e-01
1.500001913233485196e-01 1.509966193359807696e-01
1.500001678054038168e-01 1.510386316006427088e-01
1.500001443146612989e-01 1.510798399888355625e-01
1.500001209635489774e-01 1.511202380699706860e-01
1.500000978636361615e-01 1.511598194132681705e-01
1.500000751251522046e-01 1.511985775876676652e-01
1.500000528564998659e-01 1.512365061617388373e-01
1.500000311637632311e-01 1.512735987035905283e-01
1.500000101502095284e-01 1.513098487807792436e-01
1.499999899157860583e-01 1.513452499602167545e-01
1.499999705566111841e-01 1.513797958080768946e-01
1.499999521644598266e-01 1.514134798897014411e-01
1.499999348262435750e-01 1.514462957695055512e-01
1.499999186234853565e-01 1.514782370108823384e-01
1.499999036317883894e-01 1.515092971761069218e-01
1.499998899203001390e-01 1.515394698262398643e-01
1.499998775511701965e-01 1.515687485210299168e-01
1.499998665790036600e-01 1.515971268188166243e-01
1.499998570503080497e-01 1.516245982764323763e-01
1.499998490029359755e-01 1.516511564491038466e-01
1.499998424655215323e-01 1.516767948903535446e-01
1.499998374569120052e-01 1.517015071519005609e-01
1.499998339855939111e-01 1.517252867835616192e-01
1.499998320491139348e-01 1.517481273331518776e-01
1.499998316334946735e-01 1.517700223463852027e-01
1.499998327126450814e-01 1.517909653667750824e-01
1.499998352477653063e-01 1.518109499355350667e-01
1.499998391867473913e-01 1.518299695914792635e-01
1.499998444635696482e-01 1.518480178709238626e-01
1.499998509976865624e-01 1.518650883075872704e-01
1.499998586934135625e-01 1.518811744324922719e-01
1.499998674393064058e-01 1.518962697738674150e-01
1.499998771075358728e-01 1.519103678570490334e-01
1.499998875532570775e-01 1.519234622043842131e-01
1.499998986139741697e-01 1.519355463351338698e-01
1.499999101088995423e-01 1.519466137653763538e-01
1.499999218383087363e-01 1.519566580079124984e-01
1.499999335828897939e-01 1.519656725721705848e-01
1.499999451030881448e-01 1.519736509641128053e-01
1.499999561384464664e-01 1.519805866861422550e-01
1.499999664069397443e-01 1.519864732370112825e-01
1.499999756043053911e-01 1.519913041117309516e-01
1.499999834033688972e-01 1.519950728014810293e-01
1.499999894533642908e-01 1.519977727935224732e-01
1.499999933792505458e-01 1.519993975711100564e-01
1.499999947810223833e-01 1.519999406134071029e-01
1.499999947810223833e-01 1.519999406134071029e-01
1.499999929906659923e-01 1.519995431819839982e-01
1.499999877069866094e-01 1.519983492947459824e-01
1.499999790625584917e-01 1.519963565605393918e-01
1.499999671918514632e-01 1.519935625859218375e-01
1.499999522311167288e-01 1.519899649751381698e-01
1.499999343182692735e-01 1.519855613300960528e-01
1.499999135927681249e-01 1.519803492503433995e-01
1.499998901954944786e-01 1.519743263330458061e-01
1.499998642686270756e-01 1.519674901729654304e-01
1.499998359555151095e-01 1.519598383624401472e-01
1.499998054005491632e-01 1.519513684913643414e-01
1.499997727490290367e-01 1.519420781471696735e-01
1.499997381470301872e-01 1.519319649148079265e-01
1.499997017412668110e-01 1.519210263767332703e-01
1.499996636789531768e-01 1.519092601128871345e-01
1.499996241076623493e-01 1.518966637006828879e-01
1.499995831751828046e-01 1.518832347149917661e-01
1.499995410293725739e-01 1.518689707281304369e-01
1.499994978180109184e-01 1.518538693098486214e-01
1.499994536886481156e-01 1.518379280273184917e-01
1.499994087884525817e-01 1.518211444451249004e-01
1.499993632640558572e-01 1.518035161252567211e-01
1.499993172613953429e-01 1.517850406270992436e-01
1.499992709255547618e-01 1.517657155074280118e-01
1.499992244006022324e-01 1.517455383204032726e-01
1.499991778294264000e-01 1.517245066175662016e-01
1.499991313535700144e-01 1.517026179478357939e-01
1.499990851130615088e-01 1.516798698575075877e-01
1.499990392462441369e-01 1.516562598902530257e-01
1.499989938896033048e-01 1.516317855871203157e-01
1.499989491775911010e-01 1.516064444865369287e-01
1.499989052424494096e-01 1.515802341243126516e-01
1.499988622140300820e-01 1.515531520336448335e-01
1.499988202196132492e-01 1.515251957451243525e-01
1.499987793837238848e-01 1.514963627867431939e-01
1.499987398279453155e-01 1.514666506839034421e-01
1.499987016707315102e-01 1.514360569594277450e-01
1.499986650272166211e-01 1.514045791335710545e-01
1.499986300090225266e-01 1.513722147240340876e-01
1.499985967240644313e-01 1.513389612459777045e-01
1.499985652763540789e-01 1.513048162120399498e-01
1.499985357658011609e-01 1.512697771323533724e-01
1.499985082880122833e-01 1.512338415145644821e-01
1.499984829340880732e-01 1.511970068638550380e-01
1.499984597904181205e-01 1.511592706829645583e-01
1.499984389384736994e-01 1.511206304722144400e-01
1.499984204545987410e-01 1.510810837295342435e-01
1.499984044097983360e-01 1.510406279504889204e-01
1.499983908695254053e-01 1.509992606283085126e-01
1.499983798934652890e-01 1.509569792539187660e-01
1.499983715353181701e-01 1.509137813159745767e-01
1.499983658425794175e-01 1.508696643008940186e-01
1.499983628563181237e-01 1.508246256928952311e-01
1.499983626109532842e-01 1.507786629740343887e-01
1.499983651340281721e-01 1.507317736242459461e-01
1.499983704459823541e-01 1.506839551213847439e-01
1.499983785599222075e-01 1.506352049412698069e-01
1.499983894813887442e-01 1.505855205577304179e-01
1.499984032081239094e-01 1.505348994426537468e-01
1.499984197298345479e-01 1.504833390660347547e-01
1.499984390279545388e-01 1.504308368960284026e-01
1.499984610754048486e-01 1.503773903990030802e-01
1.499984858363513085e-01 1.503229970395969783e-01
1.499985132659610310e-01 1.502676542807759308e-01
1.499985433101556909e-01 1.502113595838939775e-01
1.499985759053642509e-01 1.501541104087553702e-01
1.499986109782721899e-01 1.500959042136795207e-01
1.499986484455697600e-01 1.500367384555675865e-01
1.499986882136978839e-01 1.499766105899716928e-01
1.499987301785915828e-01 1.499155180711659319e-01
1.499987742254225431e-01 1.498534583522203312e-01
1.499988202283381866e-01 1.497904288850768206e-01
1.499988680501999072e-01 1.497264271206272535e-01
1.499989175423186993e-01 1.496614505087939528e-01
1.499989685441890097e-01 1.495954964986138391e-01
1.499990208832203686e-01 1.495285625383226402e-01
1.499990743744671062e-01 1.494606460754437371e-01
1.499991288203560702e-01 1.493917445568787028e-01
1.499991840104123175e-01 1.493218554290000055e-01
1.499992397209826134e-01 1.492509761377469879e-01
1.499992957149571815e-01 1.491791041287237329e-01
1.499993517414891508e-01 1.491062368473005384e-01
1.499994075357120593e-01 1.490323717387167235e-01
1.499994628184554979e-01 1.489575062481873768e-01
1.499995172959583956e-01 1.488816378210118807e-01
1.499995706595802780e-01 1.488047639026859603e-01
1.499996225855110832e-01 1.487268819390158148e-01
1.499996727344778957e-01 1.486479893762356896e-01
1.499997207514505715e-01 1.485680836611274758e-01
1.499997662653445585e-01 1.484871622411445269e-01
1.499998088887223580e-01 1.484052225645365319e-01
1.499998482174922931e-01 1.483222620804791336e-01
1.499998838306055016e-01 1.482382782392054066e-01
1.499999152897508181e-01 1.481532684921405829e-01
1.499999421390476040e-01 1.480672302920401084e-01
1.499999639047362998e-01 1.479801610931303357e-01
1.499999800948671469e-01 1.478920583512526588e-01
1.499999901989864937e-01 1.478029195240105897e-01
1.499999936878214091e-01 1.477127420709199446e-01
1.499999936878214091e-01 1.477127420709199168e-01
1.499999941195007958e-01 1.476324300341621265e-01
1.499999953720558277e-01 1.475513070034999430e-01
1.499999973828000654e-01 1.474693739980251495e-01
1.500000000904615494e-01 1.473866320386586215e-01
1.500000034352185485e-01 1.473030821482236852e-01
1.500000073587334504e-01 1.472187253515202243e-01
1.500000118041852903e-01 1.471335626753990378e-01
1.500000167163000331e-01 1.470475951488363908e-01
1.500000220413795216e-01 1.469608238030086500e-01
1.500000277273283444e-01 1.468732496713674729e-01
1.500000337236789827e-01 1.467848737897147204e-01
1.500000399816153740e-01 1.466956971962782297e-01
1.500000464539942013e-01 1.466057209317870869e-01
1.500000530953649602e-01 1.465149460395477610e-01
1.500000598619877223e-01 1.464233735655198765e-01
1.500000667118491782e-01 1.463310045583922914e-01
1.500000736046771532e-01 1.462378400696598413e-01
1.500000805019529315e-01 1.461438811536993065e-01
1.500000873669216639e-01 1.460491288678465172e-01
1.500000941646012498e-01 1.459535842724728194e-01
1.500001008617892762e-01 1.458572484310622364e-01
1.500001074270677637e-01 1.457601224102882953e-01
1.500001138308063031e-01 1.456622072800914380e-01
1.500001200451633043e-01 1.455635041137559871e-01
1.500001260440852469e-01 1.454640139879879446e-01
1.500001318033039877e-01 1.453637379829920417e-01
1.500001373003322647e-01 1.452626771825495100e-01
1.500001425144571743e-01 1.451608326740959909e-01
1.500001474267317614e-01 1.450582055487986965e-01
1.500001520199646665e-01 1.449547969016344584e-01
1.500001562787077469e-01 1.448506078314678591e-01
1.500001601892417546e-01 1.447456394411285041e-01
1.500001637395603493e-01 1.446398928374894866e-01
1.500001669193513076e-01 1.445333691315450475e-01
1.500001697199770112e-01 1.444260694384886801e-01
1.500001721344515759e-01 1.443179948777909005e-01
1.500001741574169545e-01 1.442091465732775746e-01
1.500001757851167072e-01 1.440995256532076330e-01
1.500001770153676084e-01 1.439891332503513977e-01
1.500001778475293923e-01 1.438779705020681310e-01
1.500001782824724461e-01 1.437660385503841953e-01
1.500001783225435315e-01 1.436533385420712683e-01
1.500001779715290640e-01 1.435398716287234755e-01
1.500001772346170048e-01 1.434256389668360498e-01
1.500001761183559490e-01 1.433106417178827974e-01
1.500001746306128259e-01 1.431948810483935353e-01
1.500001727805277685e-01 1.430783581300321405e-01
1.500001705784677064e-01 1.429610741396739604e-01
1.500001680359772660e-01 1.428430302594832779e-01
1.500001651657275337e-01 1.427242276769908336e-01
1.500001619814633758e-01 1.426046675851707912e-01
1.500001584979477331e-01 1.424843511825186482e-01
1.500001547309045280e-01 1.423632796731272854e-01
1.500001506969589060e-01 1.422414542667650439e-01
1.500001464135756468e-01 1.421188761789515531e-01
1.500001418989954094e-01 1.419955466310349468e-01
1.500001371721684518e-01 1.418714668502683851e-01
1.500001322526868519e-01 1.417466380698863271e-01
1.500001271607138698e-01 1.416210615291807196e-01
1.500001219169114774e-01 1.414947384735772695e-01
1.500001165423656413e-01 1.413676701547109116e-01
1.500001110585095776e-01 1.412398578305021080e-01
1.500001054870443440e-01 1.411113027652317886e-01
1.500000998498576821e-01 1.409820062296169574e-01
1.500000941689406675e-01 1.408519695008858541e-01
1.500000884663014178e-01 1.407211938628525338e-01
1.500000827638776624e-01 1.405896806059920567e-01
1.500000770834461761e-01 1.404574310275142068e-01
1.500000714465303808e-01 1.403244464314384876e-01
1.500000658743057547e-01 1.401907281286676465e-01
1.500000603875027982e-01 1.400562774370612551e-01
1.500000550063075866e-01 1.399210956815097606e-01
1.500000497502607111e-01 1.397851841940071227e-01
1.500000446381532515e-01 1.396485443137238658e-01
1.500000396879206943e-01 1.395111773870800209e-01
1.500000349165347691e-01 1.393730847678171236e-01
1.500000303398928425e-01 1.392342678170705728e-01
1.500000259727050922e-01 1.390947279034411566e-01
1.500000218283790432e-01 1.389544664030666898e-01
1.500000179189024674e-01 1.388134846996931515e-01
1.500000142547234794e-01 1.386717841847454336e-01
1.500000108446282177e-01 1.385293662573977291e-01
1.500000076956168604e-01 1.383862323246442261e-01
1.500000048127766994e-01 1.382423838013681627e-01
1.500000021991529930e-01 1.380978221104118830e-01
1.499999998556179603e-01 1.379525486826456426e-01
1.499999977807367768e-01 1.378065649570365536e-01
1.499999959706318220e-01 1.376598723807167524e-01
1.499999944188441514e-01 1.375124724090515671e-01
1.499999931161929700e-01 1.373643665057070473e-01
1.499999920506326911e-01 1.372155561427172432e-01
1.499999912071073860e-01 1.370660428005509857e-01
1.499999905674032630e-01 1.369158279681780555e-01
1.499999901099985933e-01 1.367649131431356579e-01
1.499999898099113327e-01 1.366132998315936764e-01
1.499999896385445231e-01 1.364609895484200086e-01
1.499999895635290570e-01 1.363079838172448210e-01
1.499999895485643053e-01 1.361542841705254969e-01
1.499999895532565242e-01 1.359998921496098079e-01
1.499999895532565242e-01 1.359998921496097801e-01
1.499999937215177048e-01 1.358597166789742294e-01
1.500000058817475002e-01 1.357189798753233034e-01
1.500000255249531456e-01 1.355776854547264265e-01
1.500000521526363984e-01 1.354358371387166526e-01
1.500000852768456627e-01 1.352934386542700984e-01
1.500001244202262274e-01 1.351504937337838219e-01
1.500001691160678108e-01 1.350070061150519807e-01
1.500002189083501358e-01 1.348629795412406573e-01
1.500002733517856457e-01 1.347184177608614086e-01
1.500003320118600547e-01 1.345733245277432322e-01
1.500003944648706233e-01 1.344277036010030069e-01
1.500004602979621293e-01 1.342815587450144621e-01
1.500005291091599524e-01 1.341348937293762589e-01
1.500006005074016324e-01 1.339877123288775729e-01
1.500006741125652909e-01 1.338400183234631502e-01
1.500007495554961379e-01 1.336918154981967810e-01
1.500008264780305633e-01 1.335431076432227748e-01
1.500009045330178425e-01 1.333938985537268807e-01
1.500009833843392870e-01 1.332441920298948201e-01
1.500010627069255087e-01 1.330939918768702657e-01
1.500011421867712413e-01 1.329433019047107090e-01
1.500012215209473032e-01 1.327921259283428301e-01
1.500013004176108111e-01 1.326404677675148136e-01
1.500013785960131185e-01 1.324883312467494412e-01
1.500014557865048948e-01 1.323357201952937434e-01
1.500015317305394558e-01 1.321826384470689009e-01
1.500016061806734302e-01 1.320290898406171476e-01
1.500016789005653162e-01 1.318750782190490356e-01
1.500017496649716509e-01 1.317206074299877294e-01
1.500018182597409322e-01 1.315656813255131341e-01
1.500018844818053199e-01 1.314103037621036640e-01
1.500019481391698106e-01 1.312544786005776509e-01
1.500020090508995818e-01 1.310982097060324481e-01
1.500020670471045314e-01 1.309415009477827574e-01
1.500021219689219865e-01 1.307843561992976245e-01
1.500021736684970797e-01 1.306267793381355735e-01
1.500022220089604896e-01 1.304687742458791877e-01
1.500022668644047374e-01 1.303103448080677462e-01
1.500023081198572916e-01 1.301514949141286959e-01
1.500023456712522296e-01 1.299922284573080400e-01
1.500023794253992349e-01 1.298325493345992010e-01
1.500024092999504566e-01 1.296724614466707171e-01
1.500024352233654823e-01 1.295119686977923568e-01
1.500024571348734514e-01 1.293510749957604566e-01
1.500024749844336980e-01 1.291897842518218154e-01
1.500024887326937284e-01 1.290281003805958115e-01
1.500024983509451459e-01 1.288660272999963829e-01
1.500025038210774930e-01 1.287035689311513686e-01
1.500025051355298455e-01 1.285407291983218792e-01
1.500025022972400757e-01 1.283775120288198068e-01
1.500024953195925048e-01 1.282139213529240040e-01
1.500024842263627811e-01 1.280499611037958230e-01
1.500024690516609527e-01 1.278856352173929900e-01
1.500024498398724315e-01 1.277209476323824255e-01
1.500024266455966260e-01 1.275559022900517314e-01
1.500023995335837412e-01 1.273905031342204008e-01
1.500023685786693040e-01 1.272247541111482527e-01
1.500023338657064942e-01 1.270586591694443379e-01
1.500022954894967564e-01 1.268922222599737915e-01
1.500022535547178015e-01 1.267254473357638245e-01
1.500022081758500270e-01 1.265583383519086336e-01
1.500021594771006883e-01 1.263908992654732555e-01
1.500021075923257119e-01 1.262231340353960340e-01
1.500020526649502584e-01 1.260550466223907262e-01
1.500019948478861220e-01 1.258866409888465543e-01
1.500019343034481589e-01 1.257179210987280915e-01
1.500018712032682444e-01 1.255488909174737044e-01
1.500018057282067052e-01 1.253795544118930516e-01
1.500017380682630019e-01 1.252099155500634164e-01
1.500016684224831642e-01 1.250399783012253740e-01
1.500015969988658382e-01 1.248697466356771674e-01
1.500015240142662798e-01 1.246992245246684450e-01
1.500014496942985165e-01 1.245284159402925278e-01
1.500013742732351218e-01 1.243573248553784538e-01
1.500012979939054636e-01 1.241859552433811353e-01
1.500012211075918700e-01 1.240143110782717245e-01
1.500011438739235758e-01 1.238423963344262857e-01
1.500010665607694749e-01 1.236702149865135797e-01
1.500009894441278191e-01 1.234977710093824316e-01
1.500009128080153353e-01 1.233250683779481410e-01
1.500008369443532330e-01 1.231521110670775326e-01
1.500007621528522128e-01 1.229789030514738674e-01
1.500006887408948664e-01 1.228054483055604218e-01
1.500006170234169656e-01 1.226317508033637066e-01
1.500005473227860597e-01 1.224578145183952138e-01
1.500004799686789347e-01 1.222836434235333863e-01
1.500004152979567129e-01 1.221092414909039497e-01
1.500003536545384819e-01 1.219346126917598000e-01
1.500002953892725921e-01 1.217597609963604055e-01
1.500002408598068993e-01 1.215846903738501128e-01
1.500001904304562594e-01 1.214094047921359526e-01
1.500001444720689414e-01 1.212339082177649185e-01
1.500001033618910129e-01 1.210582046158001496e-01
1.500000674834287839e-01 1.208822979496968208e-01
1.500000372263095294e-01 1.207061921811774102e-01
1.500000129861406017e-01 1.205298912701059932e-01
1.499999951643665452e-01 1.203533991743624409e-01
1.499999841681246282e-01 1.201767198497155631e-01
1.499999804100985157e-01 1.199998572496960431e-01
1.499999804100984879e-01 1.199998572496960292e-01
1.499999853099890923e-01 1.198229913508550015e-01
1.499999996306119743e-01 1.196463024110707568e-01
1.500000228103918753e-01 1.194697947985856046e-01
1.500000542971801354e-01 1.192934728741976980e-01
1.500000935483735420e-01 1.191173409911604891e-01
1.500001400310307376e-01 1.189414034950845162e-01
1.500001932219874601e-01 1.187656647238394259e-01
1.500002526079695087e-01 1.185901290074573844e-01
1.500003176857040155e-01 1.184148006680366960e-01
1.500003879620289693e-01 1.182396840196473509e-01
1.500004629540008794e-01 1.180647833682370584e-01
1.500005421890005519e-01 1.178901030115380166e-01
1.500006252048370348e-01 1.177156472389756375e-01
1.500007115498497301e-01 1.175414203315773426e-01
1.500008007830090917e-01 1.173674265618831758e-01
1.500008924740145189e-01 1.171936701938571523e-01
1.500009862033913621e-01 1.170201554827996204e-01
1.500010815625856808e-01 1.168468866752613994e-01
1.500011781540571132e-01 1.166738680089582508e-01
1.500012755913699147e-01 1.165011037126873067e-01
1.500013734992825531e-01 1.163285980062439828e-01
1.500014715138345001e-01 1.161563551003405165e-01
1.500015692824323565e-01 1.159843791965262383e-01
1.500016664639331199e-01 1.158126744871077057e-01
1.500017627287260902e-01 1.156412451550714315e-01
1.500018577588130286e-01 1.154700953740077501e-01
1.500019512478857342e-01 1.152992293080349062e-01
1.500020429014028156e-01 1.151286511117261407e-01
1.500021324366634656e-01 1.149583649300364441e-01
1.500022195828801808e-01 1.147883748982321261e-01
1.500023040812492880e-01 1.146186851418206643e-01
1.500023856850194737e-01 1.144492997764827852e-01
1.500024641595585906e-01 1.142802229080054355e-01
1.500025392824185788e-01 1.141114586322161256e-01
1.500026108433983318e-01 1.139430110349193420e-01
1.500026786446048144e-01 1.137748841918337639e-01
1.500027425005121540e-01 1.136070821685314369e-01
1.500028022380190396e-01 1.134396090203780433e-01
1.500028576965037330e-01 1.132724687924749757e-01
1.500029087278778039e-01 1.131056655196028410e-01
1.500029551966375330e-01 1.129392032261666429e-01
1.500029969799133167e-01 1.127730859261422136e-01
1.500030339675174074e-01 1.126073176230245748e-01
1.500030660619897926e-01 1.124419023097777554e-01
1.500030931786417443e-01 1.122768439687860387e-01
1.500031152455976180e-01 1.121121465718069726e-01
1.500031322038350434e-01 1.119478140799264054e-01
1.500031440072225331e-01 1.117838504435144514e-01
1.500031506225557310e-01 1.116202596021833859e-01
1.500031520295913301e-01 1.114570454847477188e-01
1.500031482210792966e-01 1.112942120091851006e-01
1.500031392027929567e-01 1.111317630825997133e-01
1.500031249935570299e-01 1.109697026011866733e-01
1.500031056252741080e-01 1.108080344501990583e-01
1.500030811429488020e-01 1.106467625039154884e-01
1.500030516047100027e-01 1.104858906256106360e-01
1.500030170818311970e-01 1.103254226675268040e-01
1.500029776587488706e-01 1.101653624708473500e-01
1.500029334330787723e-01 1.100057138656722056e-01
1.500028845156304302e-01 1.098464806709948116e-01
1.500028310304194201e-01 1.096876666946812046e-01
1.500027731146779120e-01 1.095292757334508232e-01
1.500027109188629693e-01 1.093713115728587176e-01
1.500026446066630714e-01 1.092137779872806164e-01
1.500025743550024715e-01 1.090566787398986326e-01
1.500025003540438051e-01 1.089000175826897177e-01
1.500024228071883681e-01 1.087437982564156969e-01
1.500023419310746453e-01 1.085880244906149428e-01
1.500022579555748137e-01 1.084327000035966992e-01
1.500021711237889688e-01 1.082778285024360854e-01
1.500020816920379363e-01 1.081234136829724163e-01
1.500019899298532522e-01 1.079694592298081207e-01
1.500018961199659495e-01 1.078159688163106422e-01
1.500018005582928193e-01 1.076629461046159364e-01
1.500017035539207289e-01 1.075103947456331616e-01
1.500016054290891077e-01 1.073583183790528528e-01
1.500015065191702412e-01 1.072067206333553735e-01
1.500014071726476772e-01 1.070556051258229197e-01
1.500013077510925219e-01 1.069049754625519821e-01
1.500012086291376279e-01 1.067548352384691396e-01
1.500011101944500047e-01 1.066051880373478089e-01
1.500010128477010651e-01 1.064560374318277158e-01
1.500009170025347061e-01 1.063073869834358642e-01
1.500008230855335856e-01 1.061592402426096704e-01
1.500007315361834292e-01 1.060116007487224288e-01
1.500006428068348940e-01 1.058644720301101516e-01
1.500005573626638222e-01 1.057178576041011009e-01
1.500004756816294416e-01 1.055717609770467358e-01
1.500003982544301229e-01 1.054261856443552414e-01
1.500003255844576666e-01 1.052811350905267229e-01
1.500002581877490915e-01 1.051366127891905089e-01
1.500001965929366188e-01 1.049926222031446338e-01
1.500001413411957141e-01 1.048491667843972908e-01
1.500000929861908250e-01 1.047062499742101860e-01
1.500000520940192317e-01 1.045638752031440855e-01
1.500000192431528712e-01 1.044220458911066796e-01
1.499999950243782187e-01 1.042807654474017798e-01
1.499999800407338379e-01 1.041400372707815547e-01
1.499999749074462096e-01 1.039998647494997097e-01
1.499999749074461819e-01 1.039998647494997375e-01
1.499999759233658081e-01 1.038454740576840590e-01
1.499999789122921645e-01 1.036917783053303843e-01
1.499999837851751228e-01 1.035387788956118743e-01
1.499999904520139538e-01 1.033864772244766916e-01
1.499999988220036828e-01 1.032348746807502382e-01
1.500000088036791135e-01 1.030839726462380035e-01
1.500000203050563252e-01 1.029337724958285516e-01
1.500000332337721454e-01 1.027842755975976602e-01
1.500000474972209563e-01 1.026354833129128757e-01
1.500000630026896153e-01 1.024873969965383325e-01
1.500000796574898210e-01 1.023400179967407925e-01
1.500000973690880646e-01 1.021933476553957137e-01
1.500001160452335558e-01 1.020473873080940119e-01
1.500001355940837611e-01 1.019021382842496826e-01
1.500001559243273885e-01 1.017576019072074789e-01
1.500001769453053191e-01 1.016137794943516304e-01
1.500001985671293170e-01 1.014706723572146169e-01
1.500002207007980481e-01 1.013282818015868170e-01
1.500002432583111556e-01 1.011866091276267393e-01
1.500002661527807812e-01 1.010456556299714342e-01
1.500002892985410063e-01 1.009054225978474328e-01
1.500003126112546548e-01 1.007659113151826158e-01
1.500003360080182646e-01 1.006271230607181932e-01
1.500003594074643121e-01 1.004890591081211704e-01
1.500003827298611869e-01 1.003517207260974098e-01
1.500004058972112808e-01 1.002151091785051795e-01
1.500004288333461056e-01 1.000792257244689787e-01
1.500004514640198294e-01 9.994407161849414023e-02
1.500004737169997882e-01 9.980964811058140596e-02
1.500004955221554692e-01 9.967595644634247298e-02
1.500005168115443044e-01 9.954299786711541531e-02
1.500005375194960466e-01 9.941077361008093805e-02
1.500005575826942605e-01 9.927928490837900632e-02
1.500005769402557587e-01 9.914853299122541874e-02
1.500005955338077346e-01 9.901851908402960201e-02
1.500006133075625359e-01 9.888924440851182274e-02
1.500006302083901344e-01 9.876071018282152336e-02
1.500006461858884310e-01 9.863291762165582455e-02
1.500006611924513400e-01 9.850586793637797212e-02
1.500006751833341534e-01 9.837956233513689419e-02
1.500006881167171846e-01 9.825400202298638364e-02
1.500006999537668861e-01 9.812918820200500214e-02
1.500007106586946359e-01 9.800512207141628962e-02
1.500007201988132755e-01 9.788180482770911239e-02
1.500007285445915939e-01 9.775923766475841381e-02
1.500007356697060923e-01 9.763742177394635346e-02
1.500007415510911657e-01 9.751635834428359906e-02
1.500007461689862320e-01 9.739604856253084031e-02
1.500007495069814178e-01 9.727649361332099676e-02
1.500007515520601631e-01 9.715769467928085656e-02
1.500007522946403826e-01 9.703965294115413087e-02
1.500007517286127134e-01 9.692236957792346730e-02
1.500007498513769855e-01 9.680584576693375409e-02
1.500007466638760556e-01 9.669008268401499406e-02
1.500007421706279487e-01 9.657508150360592791e-02
1.500007363797551119e-01 9.646084339887710246e-02
1.500007293030118927e-01 9.634736954185503521e-02
1.500007209558097965e-01 9.623466110354590708e-02
1.500007113572400241e-01 9.612271925405976858e-02
1.500007005300945939e-01 9.601154516273474604e-02
1.500006885008843827e-01 9.590113999826140045e-02
1.500006752998557236e-01 9.579150492880748879e-02
1.500006609610041453e-01 9.568264112214265593e-02
1.500006455220864732e-01 9.557454974576301554e-02
1.500006290246301000e-01 9.546723196701664693e-02
1.500006115139408958e-01 9.536068895322817596e-02
1.500005930391079267e-01 9.525492187182423021e-02
1.500005736530070077e-01 9.514993189045889421e-02
1.500005534123009521e-01 9.504572017713863730e-02
1.500005323774387112e-01 9.494228790034825449e-02
1.500005106126517662e-01 9.483963622917609970e-02
1.500004881859481609e-01 9.473776633343963804e-02
1.500004651691048962e-01 9.463667938381131739e-02
1.500004416376578276e-01 9.453637655194407907e-02
1.500004176708892578e-01 9.443685901059695187e-02
1.500003933518138100e-01 9.433812793376099293e-02
1.500003687671616903e-01 9.424018449678475684e-02
1.500003440073600369e-01 9.414302987650016719e-02
1.500003191665120195e-01 9.404666525134826316e-02
1.500002943423738855e-01 9.395109180150455763e-02
1.500002696363297028e-01 9.385631070900511685e-02
1.500002451533639924e-01 9.376232315787189076e-02
1.500002210020325299e-01 9.366913033423809876e-02
1.500001972944303985e-01 9.357673342647426784e-02
1.500001741461583216e-01 9.348513362531291060e-02
1.500001516762870246e-01 9.339433212397457718e-02
1.500001300073188770e-01 9.330433011829242229e-02
1.500001092651480350e-01 9.321512880683768820e-02
1.500000895790178645e-01 9.312672939104471581e-02
1.500000710814768934e-01 9.303913307533578925e-02
1.500000539083319595e-01 9.295234106724552248e-02
1.500000381985998610e-01 9.286635457754606471e-02
1.500000240944562302e-01 9.278117482037100128e-02
1.500000117411831591e-01 9.269680301334000394e-02
1.500000012871137711e-01 9.261324037768253747e-02
1.499999928835752117e-01 9.253048813836199649e-02
1.499999866848297225e-01 9.244854752419941202e-02
1.499999828480129971e-01 9.236741976799676956e-02
1.499999815330708974e-01 9.228710610666022995e-02
1.499999815330708419e-01 9.228710610666024383e-02
1.499999778411275908e-01 9.219693378628955605e-02
1.499999671501099086e-01 9.210780991446540500e-02
1.499999500217586434e-01 9.201973129865358147e-02
1.499999269974766347e-01 9.193269476042326138e-02
1.499998985986983613e-01 9.184669713551106562e-02
1.499998653272564542e-01 9.176173527388356566e-02
1.499998276657444340e-01 9.167780603979495957e-02
1.499997860778763126e-01 9.159490631184313836e-02
1.499997410088425298e-01 9.151303298302138067e-02
1.499996928856623946e-01 9.143218296076742468e-02
1.499996421175336103e-01 9.135235316700995867e-02
1.499995890961776102e-01 9.127354053821107316e-02
1.499995341961823658e-01 9.119574202540678409e-02
1.499994777753412833e-01 9.111895459424407262e-02
1.499994201749889622e-01 9.104317522501483018e-02
1.499993617203336793e-01 9.096840091268769413e-02
1.499993027207863761e-01 9.089462866693620580e-02
1.499992434702867306e-01 9.082185551216481745e-02
1.499991842476254000e-01 9.075007848753172124e-02
1.499991253167637373e-01 9.067929464696927733e-02
1.499990669271494825e-01 9.060950105920158315e-02
1.499990093140297631e-01 9.054069480775919776e-02
1.499989526987608179e-01 9.047287299099190938e-02
1.499988972891142247e-01 9.040603272207803354e-02
1.499988432795803239e-01 9.034017112903210134e-02
1.499987908516683677e-01 9.027528535470899507e-02
1.499987401742031989e-01 9.021137255680661271e-02
1.499986914036192664e-01 9.014842990786538224e-02
1.499986446842511700e-01 9.008645459526579136e-02
1.499986001486211806e-01 9.002544382122311395e-02
1.499985579177239292e-01 8.996539480278015199e-02
1.499985181013074598e-01 8.990630477179770152e-02
1.499984807981516177e-01 8.984817097494229854e-02
1.499984460963433019e-01 8.979099067367191100e-02
1.499984140735484972e-01 8.973476114421975736e-02
1.499983847972816975e-01 8.967947967757554373e-02
1.499983583251715547e-01 8.962514357946436971e-02
1.499983347052240568e-01 8.957175017032410758e-02
1.499983139760829032e-01 8.951929678528008916e-02
1.499982961672861881e-01 8.946778077411818297e-02
1.499982812995205861e-01 8.941719950125524841e-02
1.499982693848722348e-01 8.936755034570824374e-02
1.499982604270752307e-01 8.931883070106091949e-02
1.499982544217564051e-01 8.927103797542866592e-02
1.499982513566777143e-01 8.922416959142144555e-02
1.499982512119752420e-01 8.917822298610475484e-02
1.499982539603959553e-01 8.913319561095867094e-02
1.499982595675305175e-01 8.908908493183546884e-02
1.499982679920442430e-01 8.904588842891478229e-02
1.499982791859042486e-01 8.900360359665733523e-02
1.499982930946043291e-01 8.896222794375696630e-02
1.499983096573867247e-01 8.892175899309071041e-02
1.499983288074607235e-01 8.888219428166735381e-02
1.499983504722190164e-01 8.884353136057411560e-02
1.499983745734503326e-01 8.880576779492173334e-02
1.499984010275501323e-01 8.876890116378810536e-02
1.499984297457276350e-01 8.873292906016011505e-02
1.499984606342104343e-01 8.869784909087376212e-02
1.499984935944461695e-01 8.866365887655315581e-02
1.499985285233012278e-01 8.863035605154735708e-02
1.499985653132569208e-01 8.859793826386661020e-02
1.499986038526023580e-01 8.856640317511590976e-02
1.499986440256248221e-01 8.853574846042823465e-02
1.499986857127971751e-01 8.850597180839568645e-02
1.499987287909627653e-01 8.847707092099926784e-02
1.499987731335169217e-01 8.844904351353771732e-02
1.499988186105860044e-01 8.842188731455419282e-02
1.499988650892037367e-01 8.839560006576235862e-02
1.499989124334845103e-01 8.837017952197094572e-02
1.499989605047938324e-01 8.834562345100671621e-02
1.499990091619162746e-01 8.832192963363642846e-02
1.499990582612203416e-01 8.829909586348741457e-02
1.499991076568206183e-01 8.827711994696728348e-02
1.499991572007371432e-01 8.825599970318179222e-02
1.499992067430520326e-01 8.823573296385202325e-02
1.499992561320631357e-01 8.821631757323020184e-02
1.499993052144352190e-01 8.819775138801447256e-02
1.499993538353480704e-01 8.818003227726255167e-02
1.499994018386416605e-01 8.816315812230378357e-02
1.499994490669591118e-01 8.814712681665104466e-02
1.499994953618864479e-01 8.813193626591091234e-02
1.499995405640895119e-01 8.811758438769294599e-02
1.499995845134481920e-01 8.810406911151776044e-02
1.499996270491880945e-01 8.809138837872462768e-02
1.499996680100091906e-01 8.807954014237774631e-02
1.499997072342114657e-01 8.806852236717116478e-02
1.499997445598182655e-01 8.805833302933362139e-02
1.499997798246965885e-01 8.804897011653173289e-02
1.499998128666745201e-01 8.804043162777280829e-02
1.499998435236561400e-01 8.803271557330612229e-02
1.499998716337332116e-01 8.802581997452416096e-02
1.499998970352946492e-01 8.801974286386216040e-02
1.499999195671326280e-01 8.801448228469750668e-02
1.499999390685463896e-01 8.801003629124795613e-02
1.499999553794428009e-01 8.800640294846916178e-02
1.499999683404344419e-01 8.800358033195125607e-02
1.499999777929348632e-01 8.800156652781519762e-02
1.499999835792508174e-01 8.800035963260753602e-02
1.499999855426718820e-01 8.799995775319535696e-02
1.499999855426719098e-01 8.799995775319534308e-02
1.499999841143262180e-01 8.800050266451502068e-02
1.499999801191394810e-01 8.800213282186103436e-02
1.499999739717886305e-01 8.800484137426829723e-02
1.499999660607499452e-01 8.800862148907587224e-02
1.499999567490401253e-01 8.801346635155071763e-02
1.499999463749508710e-01 8.801936916451047477e-02
1.499999352527777163e-01 8.802632314794728297e-02
1.499999236735422015e-01 8.803432153865156651e-02
1.499999119057078001e-01 8.804335758983608540e-02
1.499999001958901290e-01 8.805342457076084650e-02
1.499998887695604410e-01 8.806451576635804246e-02
1.499998778317430947e-01 8.807662447685828122e-02
1.499998675677071680e-01 8.808974401741695437e-02
1.499998581436513545e-01 8.810386771774192383e-02
1.499998497073833370e-01 8.811898892172179143e-02
1.499998423889926380e-01 8.813510098705554241e-02
1.499998363015176417e-01 8.815219728488282724e-02
1.499998315416062322e-01 8.817027119941570068e-02
1.499998281901707142e-01 8.818931612757174854e-02
1.499998263130362663e-01 8.820932547860795003e-02
1.499998259615839269e-01 8.823029267375687157e-02
1.499998271733868349e-01 8.825221114586324911e-02
1.499998299728411422e-01 8.827507433902292977e-02
1.499998343717903193e-01 8.829887570822329834e-02
1.499998403701439942e-01 8.832360871898495280e-02
1.499998479564904896e-01 8.834926684700572519e-02
1.499998571087033383e-01 8.837584357780603472e-02
1.499998677945420800e-01 8.840333240637654466e-02
1.499998799722469245e-01 8.843172683682720692e-02
1.499998935911276421e-01 8.846102038203909612e-02
1.499999085921461528e-01 8.849120656331772861e-02
1.499999249084937591e-01 8.852227891004850469e-02
1.499999424661618841e-01 8.855423095935477384e-02
1.499999611845073411e-01 8.858705625575767628e-02
1.499999809768114145e-01 8.862074835083882940e-02
1.500000017508333339e-01 8.865530080290452697e-02
1.500000234093573359e-01 8.869070717665346326e-02
1.500000458507346479e-01 8.872696104284566454e-02
1.500000689694187539e-01 8.876405597797523694e-02
1.500000926564956094e-01 8.880198556394458542e-02
1.500001168002071117e-01 8.884074338774178292e-02
1.500001412864696571e-01 8.888032304112046533e-02
1.500001659993860093e-01 8.892071812028250199e-02
1.500001908217519497e-01 8.896192222556324747e-02
1.500002156355567107e-01 8.900392896111980479e-02
1.500002403224777181e-01 8.904673193462178671e-02
1.500002647643696452e-01 8.909032475694525499e-02
1.500002888437473314e-01 8.913470104186950460e-02
1.500003124442629288e-01 8.917985440577648470e-02
1.500003354511778020e-01 8.922577846735355034e-02
1.500003577518275177e-01 8.927246684729921167e-02
1.500003792360822819e-01 8.931991316803157555e-02
1.500003997968005209e-01 8.936811105340043693e-02
1.500004193302771627e-01 8.941705412840168787e-02
1.500004377366863650e-01 8.946673601889582050e-02
1.500004549205176674e-01 8.951715035132876142e-02
1.500004707910070345e-01 8.956829075245623106e-02
1.500004852625616558e-01 8.962015084907164197e-02
1.500004982551796096e-01 8.967272426773652272e-02
1.500005096948626993e-01 8.972600463451502195e-02
1.500005195140245717e-01 8.977998557471114638e-02
1.500005276518920905e-01 8.983466071260939878e-02
1.500005340549016852e-01 8.989002367121910753e-02
1.500005386770895399e-01 8.994606807202160104e-02
1.500005414804758963e-01 9.000278753472124027e-02
1.500005424354438344e-01 9.006017567699953208e-02
1.500005415211120852e-01 9.011822611427289242e-02
1.500005387257021539e-01 9.017693245945357372e-02
1.500005340468995030e-01 9.023628832271440858e-02
1.500005274922090737e-01 9.029628731125645402e-02
1.500005190793050058e-01 9.035692302908104878e-02
1.500005088363745853e-01 9.041818907676429928e-02
1.500004968024559460e-01 9.048007905123571504e-02
1.500004830277710810e-01 9.054258654556031349e-02
1.500004675740515825e-01 9.060570514872409720e-02
1.500004505148598566e-01 9.066942844542300040e-02
1.500004319359038996e-01 9.073375001585573529e-02
1.500004119353460508e-01 9.079866343551960817e-02
1.500003906241068052e-01 9.086416227501080412e-02
1.500003681261620481e-01 9.093024009982692002e-02
1.500003445788345158e-01 9.099689047017445187e-02
1.500003201330800950e-01 9.106410694077890500e-02
1.500002949537673214e-01 9.113188306069885947e-02
1.500002692199522147e-01 9.120021237314349105e-02
1.500002431251462320e-01 9.126908841529379757e-02
1.500002168775789735e-01 9.133850471812726690e-02
1.500001907004551438e-01 9.140845480624630592e-02
1.500001648322051573e-01 9.147893219770963924e-02
1.500001395267305804e-01 9.154993040386853742e-02
1.500001150536431904e-01 9.162144292920516853e-02
1.500000916984986499e-01 9.169346327117540441e-02
1.500000697630238522e-01 9.176598492005515195e-02
1.500000495653389387e-01 9.183900135878957094e-02
1.500000314401731816e-01 9.191250606284676050e-02
1.500000157390750377e-01 9.198649250007447098e-02
1.500000028306164856e-01 9.206095413056034071e-02
1.499999931005914222e-01 9.213588440649553291e-02
1.499999869522081197e-01 9.221127677204253581e-02
1.499999848062759655e-01 9.228712466320565522e-02
1.499999848062759655e-01 9.228712466320571073e-02
1.499999893368458570e-01 9.238661148671252488e-02
1.500000027616213427e-01 9.248678432213801315e-02
1.500000248176101003e-01 9.258763430946784223e-02
1.500000552258241859e-01 9.268915257183431289e-02
1.500000936922613881e-01 9.279133021523409963e-02
1.500001399088751741e-01 9.289415832825463626e-02
1.500001935545337839e-01 9.299762798180910561e-02
1.500002542959679441e-01 9.310173022887993644e-02
1.500003217887075080e-01 9.320645610427107097e-02
1.500003956780072700e-01 9.331179662436867028e-02
1.500004755997613737e-01 9.341774278691049316e-02
1.500005611814068385e-01 9.352428557076336579e-02
1.500006520428158741e-01 9.363141593570969978e-02
1.500007477971777581e-01 9.373912482224193432e-02
1.500008480518687792e-01 9.384740315136537447e-02
1.500009524093121605e-01 9.395624182440985572e-02
1.500010604678262971e-01 9.406563172284893026e-02
1.500011718224624480e-01 9.417556370812799060e-02
1.500012860658313796e-01 9.428602862150015085e-02
1.500014027889188806e-01 9.439701728387039914e-02
1.500015215818909509e-01 9.450852049564806290e-02
1.500016420348872226e-01 9.462052903660675418e-02
1.500017637388042224e-01 9.473303366575286377e-02
1.500018862860675595e-01 9.484602512120185458e-02
1.500020092713926778e-01 9.495949412006204904e-02
1.500021322925358669e-01 9.507343135832684033e-02
1.500022549510331982e-01 9.518782751077412008e-02
1.500023768529294421e-01 9.530267323087361631e-02
1.500024976094956330e-01 9.541795915070196143e-02
1.500026168379361702e-01 9.553367588086517093e-02
1.500027341620846777e-01 9.564981401042857434e-02
1.500028492130894009e-01 9.576636410685424039e-02
1.500029616300873891e-01 9.588331671594589600e-02
1.500030710608681317e-01 9.600066236180074264e-02
1.500031771625259525e-01 9.611839154676904418e-02
1.500032796021022186e-01 9.623649475142018184e-02
1.500033780572160025e-01 9.635496243451642517e-02
1.500034722166841139e-01 9.647378503299308683e-02
1.500035617811306121e-01 9.659295296194614355e-02
1.500036464635848277e-01 9.671245661462624099e-02
1.500037259900691977e-01 9.683228636243958187e-02
1.500038001001755550e-01 9.695243255495564205e-02
1.500038685476311195e-01 9.707288551992122871e-02
1.500039311008531107e-01 9.719363556328110276e-02
1.500039875434930337e-01 9.731467296920512378e-02
1.500040376749692261e-01 9.743598800012150118e-02
1.500040813109894400e-01 9.755757089675655414e-02
1.500041182840619047e-01 9.767941187818043880e-02
1.500041484439954276e-01 9.780150114185882926e-02
1.500041716583888074e-01 9.792382886371077400e-02
1.500041878131094519e-01 9.804638519817253373e-02
1.500041968127602543e-01 9.816916027826673441e-02
1.500041985811366441e-01 9.829214421567757098e-02
1.500041930616712871e-01 9.841532710083167323e-02
1.500041802178692374e-01 9.853869900298414808e-02
1.500041600337307102e-01 9.866224997031039501e-02
1.500041325141637794e-01 9.878597003000269550e-02
1.500040976853857233e-01 9.890984918837275597e-02
1.500040555953129351e-01 9.903387743095863616e-02
1.500040063139403412e-01 9.915804472263724245e-02
1.500039499337094684e-01 9.928234100774138704e-02
1.500038865698652135e-01 9.940675621018163488e-02
1.500038163608018171e-01 9.953128023357338261e-02
1.500037394683972625e-01 9.965590296136772608e-02
1.500036560783371831e-01 9.978061425698761533e-02
1.500035664004267799e-01 9.990540396396792311e-02
1.500034706688920250e-01 1.000302619060999543e-01
1.500033691426697069e-01 1.001551778875802434e-01
1.500032621056857918e-01 1.002801416931634326e-01
1.500031498671230423e-01 1.004051430883190488e-01
1.500030327616768688e-01 1.005301718193920835e-01
1.500029111498002998e-01 1.006552176137677918e-01
1.500027854179372400e-01 1.007802701800394884e-01
1.500026559787449310e-01 1.009053192081808270e-01
1.500025232713043388e-01 1.010303543697204792e-01
1.500023877613196333e-01 1.011553653179211032e-01
1.500022499413062593e-01 1.012803416879611978e-01
1.500021103307673798e-01 1.014052730971198996e-01
1.500019694763589095e-01 1.015301491449653870e-01
1.500018279520432540e-01 1.016549594135454371e-01
1.500016863592314453e-01 1.017796934675819498e-01
1.500015453269134547e-01 1.019043408546669305e-01
1.500014055117775968e-01 1.020288911054619968e-01
1.500012675983179167e-01 1.021533337339002867e-01
1.500011322989300566e-01 1.022776582373904897e-01
1.500010003539957171e-01 1.024018540970232233e-01
1.500008725319550984e-01 1.025259107777800327e-01
1.500007496293682407e-01 1.026498177287442082e-01
1.500006324709642902e-01 1.027735643833133788e-01
1.500005219096790243e-01 1.028971401594145491e-01
1.500004188266809979e-01 1.030205344597203698e-01
1.500003241313856983e-01 1.031437366718679777e-01
1.500002387614579880e-01 1.032667361686780833e-01
1.500001636828027507e-01 1.033895223083770298e-01
1.500000998895438808e-01 1.035120844348190183e-01
1.500000484039910043e-01 1.036344118777106360e-01
1.500000102765952081e-01 1.037564939528357599e-01
1.499999865858916148e-01 1.038783199622822090e-01
1.499999784384313806e-01 1.039998791946689927e-01
1.499999784384313806e-01 1.039998791946689788e-01
1.499998574040665722e-01 1.042920236993384042e-01
1.499995051972234927e-01 1.045821636545786193e-01
1.499989377959359271e-01 1.048702766541919906e-01
1.499981706968506190e-01 1.051563403705520205e-01
1.499972189239477394e-01 1.054403325554678916e-01
1.499960970371204128e-01 1.057222310410037697e-01
1.499948191406097475e-01 1.060020137402519630e-01
1.499933988912935667e-01 1.062796586480607430e-01
1.499918495068262581e-01 1.065551438417184082e-01
1.499901837736274390e-01 1.068284474815920926e-01
1.499884140547177724e-01 1.070995478117233446e-01
1.499865522973991561e-01 1.073684231603808104e-01
1.499846100407776217e-01 1.076350519405695066e-01
1.499825984231266951e-01 1.078994126504985579e-01
1.499805281890901620e-01 1.081614838740076467e-01
1.499784096967206881e-01 1.084212442809519145e-01
1.499762529243546527e-01 1.086786726275469905e-01
1.499740674773195892e-01 1.089337477566748175e-01
1.499718625944740369e-01 1.091864485981497435e-01
1.499696471545768905e-01 1.094367541689473394e-01
1.499674296824861364e-01 1.096846435733951630e-01
1.499652183551842821e-01 1.099300960033269547e-01
1.499630210076297321e-01 1.101730907382013208e-01
1.499608451384325802e-01 1.104136071451844447e-01
1.499586979153537669e-01 1.106516246791996727e-01
1.499565861806259615e-01 1.108871228829426542e-01
1.499545164560951160e-01 1.111200813868642306e-01
1.499524949481822189e-01 1.113504799091221548e-01
1.499505275526629156e-01 1.115782982555011682e-01
1.499486198592652197e-01 1.118035163193040055e-01
1.499467771560838159e-01 1.120261140812130324e-01
1.499450044338100363e-01 1.122460716091245037e-01
1.499433063897767093e-01 1.124633690579555922e-01
1.499416874318173221e-01 1.126779866694254811e-01
1.499401516819382496e-01 1.128899047718122384e-01
1.499387029798041615e-01 1.130991037796854476e-01
1.499373448860349956e-01 1.133055641936165925e-01
1.499360806853147765e-01 1.135092665998675976e-01
1.499349133893110864e-01 1.137101916700596904e-01
1.499338457394049917e-01 1.139083201608220713e-01
1.499328802092313728e-01 1.141036329134240968e-01
1.499320190070280168e-01 1.142961108533889630e-01
1.499312640777947792e-01 1.144857349900933186e-01
1.499306171052612047e-01 1.146724864163521790e-01
1.499300795136623288e-01 1.148563463079902702e-01
1.499296524693240762e-01 1.150372959234027409e-01
1.499293368820554806e-01 1.152153166031048420e-01
1.499291334063500569e-01 1.153903897692727110e-01
1.499290424423942447e-01 1.155624969252766893e-01
1.499290641368843935e-01 1.157316196552086451e-01
1.499291983836510966e-01 1.158977396234039808e-01
1.499294448240916511e-01 1.160608385739606424e-01
1.499298028474102540e-01 1.162208983302565196e-01
1.499302715906661587e-01 1.163779007944655830e-01
1.499308499386299565e-01 1.165318279470761581e-01
1.499315365234478170e-01 1.166826618464112675e-01
1.499323297241147712e-01 1.168303846281533442e-01
1.499332276657557028e-01 1.169749785048747048e-01
1.499342282187158815e-01 1.171164257655755436e-01
1.499353289974604542e-01 1.172547087752308093e-01
1.499365273592832837e-01 1.173898099743478918e-01
1.499378204028256056e-01 1.175217118785366333e-01
1.499392049664050597e-01 1.176503970780931607e-01
1.499406776261551777e-01 1.177758482376000532e-01
1.499422346939756345e-01 1.178980480955435228e-01
1.499438722152945935e-01 1.180169794639497338e-01
1.499455859666426194e-01 1.181326252280429090e-01
1.499473714530391577e-01 1.182449683459257800e-01
1.499492239051922193e-01 1.183539918482845038e-01
1.499511382765116307e-01 1.184596788381211685e-01
1.499531092399367660e-01 1.185620124905133466e-01
1.499551311845789825e-01 1.186609760524052620e-01
1.499571982121798708e-01 1.187565528424305850e-01
1.499593041333857069e-01 1.188487262507695180e-01
1.499614424638390231e-01 1.189374797390421734e-01
1.499636064200880470e-01 1.190227968402405023e-01
1.499657889153148127e-01 1.191046611586995679e-01
1.499679825548823897e-01 1.191830563701120338e-01
1.499701796317030877e-01 1.192579662215866032e-01
1.499723721214271388e-01 1.193293745317525051e-01
1.499745516774541043e-01 1.193972651909132876e-01
1.499767096257668686e-01 1.194616221612508911e-01
1.499788369595902726e-01 1.195224294770823176e-01
1.499809243338743603e-01 1.195796712451717009e-01
1.499829620596039859e-01 1.196333316450996775e-01
1.499849400979357261e-01 1.196833949296918637e-01
1.499868480541631244e-01 1.197298454255092265e-01
1.499886751715115707e-01 1.197726675334025437e-01
1.499904103247637899e-01 1.198118457291328515e-01
1.499920420137176857e-01 1.198473645640611290e-01
1.499935583564770691e-01 1.198792086659080935e-01
1.499949470825776288e-01 1.199073627395881719e-01
1.499961955259483115e-01 1.199318115681183849e-01
1.499972906177109988e-01 1.199525400136062375e-01
1.499982188788182014e-01 1.199695330183174202e-01
1.499989664125323530e-01 1.199827756058268885e-01
1.499995188967462867e-01 1.199922528822555956e-01
1.499998615761482246e-01 1.199979500375949748e-01
1.499999792542317245e-01 1.199998523471221545e-01
