1.403403922907045798e-01
1.414894630406964837e-01
1.422938206504085479e-01
1.427735482687204627e-01
1.429786358552652403e-01
1.429806801164952568e-01
1.428624368803529665e-01
1.427060171343086936e-01
1.425809619594659294e-01
1.425338193096148398e-01
1.425809616116568701e-01
1.427060165742442543e-01
1.428624363439912615e-01
1.429806798739126084e-01
1.429786361347742119e-01
1.427735491877467899e-01
1.422938221384934809e-01
1.414894647387012483e-01
1.403403578927203132e-01
1.388617787467767706e-01
1.371067320901015740e-01
1.351646403606748537e-01
1.331559897516218227e-01
1.312227624745388732e-01
1.295150067066601629e-01
1.281746861541501192e-01
1.273188206107755682e-01
1.270245522574673380e-01
1.273188249733404054e-01
1.281746941941523943e-01
1.295150170101946885e-01
1.312227730882231658e-01
1.331559987336830286e-01
1.351646464325940433e-01
1.371067349827193027e-01
1.388617790709341937e-01
1.403403566949050219e-01
