0.000000000000000000e+00
1.506276150627614996e+00
3.012552301255229992e+00
4.518828451882844988e+00
6.025104602510459983e+00
7.531380753138074979e+00
9.037656903765689975e+00
1.054393305439330497e+01
1.205020920502091997e+01
1.355648535564853496e+01
1.506276150627614996e+01
1.656903765690376673e+01
1.807531380753137995e+01
1.958158995815899317e+01
2.108786610878660994e+01
2.259414225941422671e+01
2.410041841004183993e+01
2.560669456066945315e+01
2.711297071129706993e+01
2.861924686192468670e+01
3.012552301255229992e+01
3.163179916317991314e+01
3.313807531380753346e+01
3.464435146443514668e+01
3.615062761506275990e+01
3.765690376569037312e+01
3.916317991631798634e+01
4.066945606694560666e+01
4.217573221757321988e+01
4.368200836820083310e+01
4.518828451882845343e+01
4.669456066945606665e+01
4.820083682008367987e+01
4.970711297071129309e+01
5.121338912133890631e+01
5.271966527196652663e+01
5.422594142259413985e+01
5.573221757322175307e+01
5.723849372384937340e+01
5.874476987447698662e+01
6.025104602510459983e+01
6.175732217573221305e+01
6.326359832635982627e+01
6.476987447698743949e+01
6.627615062761506692e+01
6.778242677824268014e+01
6.928870292887029336e+01
7.079497907949790658e+01
7.230125523012551980e+01
7.380753138075313302e+01
7.531380753138074624e+01
7.682008368200835946e+01
7.832635983263597268e+01
7.983263598326360011e+01
8.133891213389121333e+01
8.284518828451882655e+01
8.435146443514643977e+01
8.585774058577405299e+01
8.736401673640166621e+01
8.887029288702927943e+01
9.037656903765690686e+01
9.188284518828452008e+01
9.338912133891213330e+01
9.489539748953974652e+01
9.640167364016735974e+01
9.790794979079497296e+01
9.941422594142258617e+01
1.009205020920501994e+02
1.024267782426778126e+02
1.039330543933054400e+02
1.054393305439330533e+02
1.069456066945606665e+02
1.084518828451882797e+02
1.099581589958158929e+02
1.114644351464435061e+02
1.129707112970711194e+02
1.144769874476987468e+02
1.159832635983263600e+02
1.174895397489539732e+02
1.189958158995815865e+02
1.205020920502091997e+02
1.220083682008368129e+02
1.235146443514644261e+02
1.250209205020920393e+02
1.265271966527196525e+02
1.280334728033472800e+02
1.295397489539748790e+02
1.310460251046025064e+02
1.325523012552301338e+02
1.340585774058577329e+02
1.355648535564853603e+02
1.370711297071129593e+02
1.385774058577405867e+02
1.400836820083681857e+02
1.415899581589958132e+02
1.430962343096234122e+02
1.446025104602510396e+02
1.461087866108786670e+02
1.476150627615062660e+02
1.491213389121338935e+02
1.506276150627614925e+02
1.521338912133891199e+02
1.536401673640167189e+02
1.551464435146443464e+02
1.566527196652719454e+02
1.581589958158995728e+02
1.596652719665272002e+02
1.611715481171547992e+02
1.626778242677824267e+02
1.641841004184100257e+02
1.656903765690376531e+02
1.671966527196652521e+02
1.687029288702928795e+02
1.702092050209205070e+02
1.717154811715481060e+02
1.732217573221757334e+02
1.747280334728033324e+02
1.762343096234309598e+02
1.777405857740585589e+02
1.792468619246861863e+02
1.807531380753138137e+02
1.822594142259414127e+02
1.837656903765690402e+02
1.852719665271966392e+02
1.867782426778242666e+02
1.882845188284518656e+02
1.897907949790794930e+02
1.912970711297070920e+02
1.928033472803347195e+02
1.943096234309623469e+02
1.958158995815899459e+02
1.973221757322175733e+02
1.988284518828451723e+02
2.003347280334727998e+02
2.018410041841003988e+02
2.033472803347280262e+02
2.048535564853556252e+02
2.063598326359832527e+02
2.078661087866108801e+02
2.093723849372384791e+02
2.108786610878661065e+02
2.123849372384937055e+02
2.138912133891213330e+02
2.153974895397489320e+02
2.169037656903765594e+02
2.184100418410041868e+02
2.199163179916317858e+02
2.214225941422594133e+02
2.229288702928870123e+02
2.244351464435146397e+02
2.259414225941422387e+02
2.274476987447698662e+02
2.289539748953974936e+02
2.304602510460250926e+02
2.319665271966527200e+02
2.334728033472803190e+02
2.349790794979079465e+02
2.364853556485355455e+02
2.379916317991631729e+02
2.394979079497907719e+02
2.410041841004183993e+02
2.425104602510460268e+02
2.440167364016736258e+02
2.455230125523012532e+02
2.470292887029288522e+02
2.485355648535564796e+02
2.500418410041840787e+02
2.515481171548117061e+02
2.530543933054393051e+02
2.545606694560669325e+02
2.560669456066945600e+02
2.575732217573221874e+02
2.590794979079497580e+02
2.605857740585773854e+02
2.620920502092050128e+02
2.635983263598326403e+02
2.651046025104602677e+02
2.666108786610878383e+02
2.681171548117154657e+02
2.696234309623430931e+02
2.711297071129707206e+02
2.726359832635982912e+02
2.741422594142259186e+02
2.756485355648535460e+02
2.771548117154811735e+02
2.786610878661088009e+02
2.801673640167363715e+02
2.816736401673639989e+02
2.831799163179916263e+02
2.846861924686192538e+02
2.861924686192468243e+02
2.876987447698744518e+02
2.892050209205020792e+02
2.907112970711297066e+02
2.922175732217573341e+02
2.937238493723849047e+02
2.952301255230125321e+02
2.967364016736401595e+02
2.982426778242677869e+02
2.997489539748953575e+02
3.012552301255229850e+02
3.027615062761506124e+02
3.042677824267782398e+02
3.057740585774058673e+02
3.072803347280334378e+02
3.087866108786610653e+02
3.102928870292886927e+02
3.117991631799163201e+02
3.133054393305438907e+02
3.148117154811715181e+02
3.163179916317991456e+02
3.178242677824267730e+02
3.193305439330544004e+02
3.208368200836819710e+02
3.223430962343095985e+02
3.238493723849372259e+02
3.253556485355648533e+02
3.268619246861924807e+02
3.283682008368200513e+02
3.298744769874476788e+02
3.313807531380753062e+02
3.328870292887029336e+02
3.343933054393305042e+02
3.358995815899581316e+02
3.374058577405857591e+02
3.389121338912133865e+02
3.404184100418410139e+02
3.419246861924685845e+02
3.434309623430962120e+02
3.449372384937238394e+02
3.464435146443514668e+02
3.479497907949790374e+02
3.494560669456066648e+02
3.509623430962342923e+02
3.524686192468619197e+02
3.539748953974895471e+02
3.554811715481171177e+02
3.569874476987447451e+02
3.584937238493723726e+02
3.600000000000000000e+02
