3.200000000000009087e-02 1.200000000000005645e-01
3.200037655013839716e-02 1.200019341648061177e-01
3.200147403347974873e-02 1.200077236102210787e-01
3.200324412508441518e-02 1.200173488237348401e-01
3.200563840284168654e-02 1.200307903733446868e-01
3.200860834980419345e-02 1.200480289064621009e-01
3.201210535642633886e-02 1.200690451487328447e-01
3.201608072271232980e-02 1.200938199027725140e-01
3.202048566027983906e-02 1.201223340468217798e-01
3.202527129434443176e-02 1.201545685333243185e-01
3.203038866563037712e-02 1.201905043874296614e-01
3.203578873221283457e-02 1.202301227054243388e-01
3.204142237129666698e-02 1.202734046530947731e-01
3.204724038093660632e-02 1.203203314640239191e-01
3.205319348170369148e-02 1.203708844378245657e-01
3.205923231830245385e-02 1.204250449383127836e-01
3.206530746114362451e-02 1.204827943916234739e-01
3.207136940787640167e-02 1.205441142842710867e-01
3.207736858488484388e-02 1.206089861611580050e-01
3.208325534875226814e-02 1.206773916235331506e-01
3.208897998769773968e-02 1.207493123269040430e-01
3.209449272298862954e-02 1.208247299789033252e-01
3.209974371033287588e-02 1.209036263371137815e-01
3.210468304125457806e-02 1.209859832068539559e-01
3.210926074445658029e-02 1.210717824389256347e-01
3.211342678717338250e-02 1.211610059273269396e-01
3.211713107651772287e-02 1.212536356069330024e-01
3.212032346082403095e-02 1.213496534511460945e-01
3.212295373099183227e-02 1.214490414695175990e-01
3.212497162183221289e-02 1.215517817053442945e-01
3.212632681342020291e-02 1.216578562332412405e-01
3.212696893245578500e-02 1.217672471566926123e-01
3.212684755363643535e-02 1.218799366055836053e-01
3.212591220104379225e-02 1.219959067337149788e-01
3.212411234954684613e-02 1.221151397163019875e-01
3.212139742622435040e-02 1.222376177474604475e-01
3.211771681180856236e-02 1.223633230376811321e-01
3.211301984215297889e-02 1.224922378112952570e-01
3.210725580972584314e-02 1.226243443039321951e-01
3.210037396513194113e-02 1.227596247599714724e-01
3.209232351866458249e-02 1.228980614299917673e-01
3.208305364188975689e-02 1.230396365682168841e-01
3.207251346926453389e-02 1.231843324299628784e-01
3.206065209979135078e-02 1.233321312690854460e-01
3.204741859871027693e-02 1.234830153354319338e-01
3.203276199923067724e-02 1.236369668722974574e-01
3.201663130430424525e-02 1.237939681138880282e-01
3.199897548844082840e-02 1.239540012827922977e-01
3.197974349956868995e-02 1.241170485874626556e-01
3.195888426094076196e-02 1.242830922197079996e-01
3.193634667308823533e-02 1.244521143521998829e-01
3.191207961582303437e-02 1.246240971359929145e-01
3.188603195029046655e-02 1.247990226980609935e-01
3.185815252107337264e-02 1.249768731388515297e-01
3.182839015834912355e-02 1.251576305298579272e-01
3.179669368010060171e-02 1.253412769112131897e-01
3.176301189438245076e-02 1.255277942893042731e-01
3.172729360164376622e-02 1.257171646344104332e-01
3.168948759710834423e-02 1.259093698783649296e-01
3.164954267321351544e-02 1.261043919122431523e-01
3.160740762210875049e-02 1.263022125840772558e-01
3.156303123821505713e-02 1.265028136965992422e-01
3.151636232084618905e-02 1.267061770050126324e-01
3.146734967689252677e-02 1.269122842147957786e-01
3.141594212356884491e-02 1.271211169795355977e-01
3.136208849122675696e-02 1.273326568987951934e-01
3.130573762623281575e-02 1.275468855160150072e-01
3.124683839391324477e-02 1.277637843164483866e-01
3.118533968156597322e-02 1.279833347251342068e-01
3.112119040154132793e-02 1.282055181049056025e-01
3.105433949439178470e-02 1.284303157544373908e-01
3.098473593209196200e-02 1.286577089063322688e-01
3.091232872132955098e-02 1.288876787252466460e-01
3.083706690686825388e-02 1.291202063060583882e-01
3.075889957498333105e-02 1.293552726720748336e-01
3.067777585697088402e-02 1.295928587732849135e-01
3.059364493273149591e-02 1.298329454846537667e-01
3.050645603442931134e-02 1.300755136044623450e-01
3.041615845022724307e-02 1.303205438526912341e-01
3.032270152809933561e-02 1.305680168694516308e-01
3.022603467972104913e-02 1.308179132134615064e-01
3.012610738443844208e-02 1.310702133605701480e-01
3.002286919331706438e-02 1.313248977023302733e-01
2.991626973327165401e-02 1.315819465446187164e-01
2.980625871127725798e-02 1.318413401063069923e-01
2.969278591866310671e-02 1.321030585179806816e-01
2.957580123548989026e-02 1.323670818207106081e-01
2.945525463501161637e-02 1.326333899648743375e-01
2.933109618822292430e-02 1.329019628090293004e-01
2.920327606849292337e-02 1.331727801188382077e-01
2.907174455628668344e-02 1.334458215660472569e-01
2.893645204397531784e-02 1.337210667275168796e-01
2.879734904073582083e-02 1.339984950843065847e-01
2.865438617754182196e-02 1.342780860208133142e-01
2.850751421224628768e-02 1.345598188239642834e-01
2.835668403475754065e-02 1.348436726824640830e-01
2.820184667230961686e-02 1.351296266860977369e-01
2.804295329482830654e-02 1.354176598250880770e-01
2.787995522039422511e-02 1.357077509895089074e-01
2.771280392080399321e-02 1.359998789687545395e-01
2.771280392080398974e-02 1.359998789687545118e-01
2.764226830774291210e-02 1.361214307990888106e-01
2.757086544467197975e-02 1.362432352093053411e-01
2.749859176354726292e-02 1.363652823849528517e-01
2.742544370795907058e-02 1.364875625070192666e-01
2.735141773312351268e-02 1.366100657520602502e-01
2.727651030586852182e-02 1.367327822923296576e-01
2.720071790461430980e-02 1.368557022959130676e-01
2.712403701934820721e-02 1.369788159268629235e-01
2.704646415159389639e-02 1.371021133453358964e-01
2.696799581437500995e-02 1.372255847077324120e-01
2.688862853217303950e-02 1.373492201668379542e-01
2.680835884087964804e-02 1.374730098719663396e-01
2.672718328774313645e-02 1.375969439691046015e-01
2.664509843130934835e-02 1.377210126010597058e-01
2.656210084135678454e-02 1.378452059076067659e-01
2.647818709882595808e-02 1.379695140256384789e-01
2.639335379574304918e-02 1.380939270893165594e-01
2.630759753513776944e-02 1.382184352302241737e-01
2.622091493095550507e-02 1.383430285775192059e-01
2.613330260796360022e-02 1.384676972580892729e-01
2.604475720165201624e-02 1.385924313967075439e-01
2.595527535812805486e-02 1.387172211161893098e-01
2.586485373400544338e-02 1.388420565375498572e-01
2.577348899628756351e-02 1.389669277801624803e-01
2.568117782224491746e-02 1.390918249619177149e-01
2.558791689928691104e-02 1.392167381993830721e-01
2.549370292482778730e-02 1.393416576079627434e-01
2.539853260614684943e-02 1.394665733020585552e-01
2.530240266024297302e-02 1.395914753952303689e-01
2.520530981368336934e-02 1.397163540003573123e-01
2.510725080244667271e-02 1.398411992297988737e-01
2.500822237176030666e-02 1.399660011955558003e-01
2.490822127593217070e-02 1.400907500094316915e-01
2.480724427817679323e-02 1.402154357831931764e-01
2.470528815043567666e-02 1.403400486287312843e-01
2.460234967319221977e-02 1.404645786582212896e-01
2.449842563528097789e-02 1.405890159842827503e-01
2.439351283369138243e-02 1.407133507201387967e-01
2.428760807336600297e-02 1.408375729797748388e-01
2.418070816699328940e-02 1.409616728780966888e-01
2.407280993479492953e-02 1.410856405310875750e-01
2.396391020430772151e-02 1.412094660559646553e-01
2.385400581016021773e-02 1.413331395713339766e-01
2.374309359384391138e-02 1.414566511973451568e-01
2.363117040347928119e-02 1.415799910558442620e-01
2.351823309357653838e-02 1.417031492705254081e-01
2.340427852479125270e-02 1.418261159670816118e-01
2.328930356367478124e-02 1.419488812733536443e-01
2.317330508241978101e-02 1.420714353194774959e-01
2.305627995860055207e-02 1.421937682380303991e-01
2.293822507490856852e-02 1.423158701641750179e-01
2.281913731888298574e-02 1.424377312358018621e-01
2.269901358263655411e-02 1.425593415936698971e-01
2.257785076257651583e-02 1.426806913815451827e-01
2.245564575912101235e-02 1.428017707463374864e-01
2.233239547641080458e-02 1.429225698382345366e-01
2.220809682201647928e-02 1.430430788108346951e-01
2.208274670664121114e-02 1.431632878212766302e-01
2.195634204381908747e-02 1.432831870303670763e-01
2.182887974960923821e-02 1.434027666027059833e-01
2.170035674228566747e-02 1.435220167068093078e-01
2.157076994202304296e-02 1.436409275152288612e-01
2.144011627057833963e-02 1.437594892046699935e-01
2.130839265096870494e-02 1.438776919561058909e-01
2.117559600714535861e-02 1.439955259548898192e-01
2.104172326366378007e-02 1.441129813908638424e-01
2.090677134535029458e-02 1.442300484584643216e-01
2.077073717696509281e-02 1.443467173568256656e-01
2.063361768286180870e-02 1.444629782898795012e-01
2.049540978664380481e-02 1.445788214664515126e-01
2.035611041081725539e-02 1.446942371003545891e-01
2.021571647644108266e-02 1.448092154104790308e-01
2.007422490277400301e-02 1.449237466208791181e-01
1.993163260691869706e-02 1.450378209608561841e-01
1.978793650346317642e-02 1.451514286650383567e-01
1.964313350411968362e-02 1.452645599734567472e-01
1.949722051736100387e-02 1.453772051316175873e-01
1.935019444805454250e-02 1.454893543905713682e-01
1.920205219709412645e-02 1.456009980069772614e-01
1.905279066102976218e-02 1.457121262431650133e-01
1.890240673169553409e-02 1.458227293671915115e-01
1.875089729583566053e-02 1.459327976528946580e-01
1.859825923472895742e-02 1.460423213799425524e-01
1.844448942381184814e-02 1.461512908338790107e-01
1.828958473230003073e-02 1.462596963061645605e-01
1.813354202280898983e-02 1.463675280942140500e-01
1.797635815097355788e-02 1.464747765014293990e-01
1.781802996506657438e-02 1.465814318372282710e-01
1.765855430561693445e-02 1.466874844170689696e-01
1.749792800502713783e-02 1.467929245624703949e-01
1.733614788719050823e-02 1.468977426010282250e-01
1.717321076710828787e-02 1.470019288664262125e-01
1.700911345050676662e-02 1.471054736984433731e-01
1.684385273345461592e-02 1.472083674429569278e-01
1.667742540198069445e-02 1.473106004519403323e-01
1.650982823169241248e-02 1.474121630834570873e-01
1.634105798739491494e-02 1.475130457016497476e-01
1.617111142271124291e-02 1.476132386767251004e-01
1.599998527970374410e-02 1.477127323849335705e-01
1.599998527970374410e-02 1.477127323849335705e-01
1.586786619549321320e-02 1.477885805416892795e-01
1.573503747520271778e-02 1.478639737396773846e-01
1.560150260058992301e-02 1.479389054640807832e-01
1.546726504934677580e-02 1.480133692025812076e-01
1.533232829495916050e-02 1.480873584453526182e-01
1.519669580656686850e-02 1.481608666850532108e-01
1.506037104882403457e-02 1.482338874168150633e-01
1.492335748176003632e-02 1.483064141382327839e-01
1.478565856064096087e-02 1.483784403493500770e-01
1.464727773583177073e-02 1.484499595526448390e-01
1.450821845265909925e-02 1.485209652530126989e-01
1.436848415127486324e-02 1.485914509577484777e-01
1.422807826652073594e-02 1.486614101765262042e-01
1.408700422779353596e-02 1.487308364213774381e-01
1.394526545891159632e-02 1.487997232066681219e-01
1.380286537798224716e-02 1.488680640490728790e-01
1.365980739727039664e-02 1.489358524675490070e-01
1.351609492306835546e-02 1.490030819833072784e-01
1.337173135556691921e-02 1.490697461197821594e-01
1.322672008872785576e-02 1.491358384025996131e-01
1.308106451015780824e-02 1.492013523595439317e-01
1.293476800098367942e-02 1.492662815205219318e-01
1.278783393572965194e-02 1.493306194175262613e-01
1.264026568219581495e-02 1.493943595845966532e-01
1.249206660133858442e-02 1.494574955577795683e-01
1.234324004715284945e-02 1.495200208750861459e-01
1.219378936655607544e-02 1.495819290764484055e-01
1.204371789927431192e-02 1.496432137036739496e-01
1.189302897773025086e-02 1.497038683003988624e-01
1.174172592693339436e-02 1.497638864120390823e-01
1.158981206437238211e-02 1.498232615857398586e-01
1.143729069990960696e-02 1.498819873703240713e-01
1.128416513567811856e-02 1.499400573162382455e-01
1.113043866598095906e-02 1.499974649754979295e-01
1.097611457719297606e-02 1.500542039016301565e-01
1.082119614766519772e-02 1.501102676496155752e-01
1.066568664763181164e-02 1.501656497758285802e-01
1.050958933911987428e-02 1.502203438379753064e-01
1.035290747586179241e-02 1.502743433950310403e-01
1.019564430321067555e-02 1.503276420071754105e-01
1.003780305805858711e-02 1.503802332357265237e-01
9.879386968757831317e-03 1.504321106430734634e-01
9.720399255045315823e-03 1.504832677926068174e-01
9.560843127970071464e-03 1.505336982486490394e-01
9.400721789824005581e-03 1.505833955763817567e-01
9.240038434075930479e-03 1.506323533417731897e-01
9.078796245309054408e-03 1.506805651115033506e-01
8.916998399161836161e-03 1.507280244528879098e-01
8.754648062272427089e-03 1.507747249338009243e-01
8.591748392226723069e-03 1.508206601225965393e-01
8.428302537510064599e-03 1.508658235880290799e-01
8.264313637462715120e-03 1.509102088991716994e-01
8.099784822239174814e-03 1.509538096253344452e-01
7.934719212771380176e-03 1.509966193359807696e-01
7.769119920735895191e-03 1.510386316006427088e-01
7.602990048525154823e-03 1.510798399888355625e-01
7.436332689222841484e-03 1.511202380699706860e-01
7.269150926583428304e-03 1.511598194132681705e-01
7.101447835016050543e-03 1.511985775876676652e-01
6.933226479572675641e-03 1.512365061617388373e-01
6.764489915940708961e-03 1.512735987035905283e-01
6.595241190440115885e-03 1.513098487807792436e-01
6.425483340025065458e-03 1.513452499602167545e-01
6.255219392290250861e-03 1.513797958080768946e-01
6.084452365481896226e-03 1.514134798897014411e-01
5.913185268513547824e-03 1.514462957695055512e-01
5.741421100986739828e-03 1.514782370108823384e-01
5.569162853216555464e-03 1.515092971761069218e-01
5.396413506262203244e-03 1.515394698262398643e-01
5.223176031962641248e-03 1.515687485210299168e-01
5.049453392977381293e-03 1.515971268188166243e-01
4.875248542832437415e-03 1.516245982764323763e-01
4.700564425971609506e-03 1.516511564491038466e-01
4.525403977813080396e-03 1.516767948903535446e-01
4.349770124811437426e-03 1.517015071519005609e-01
4.173665784525188750e-03 1.517252867835616192e-01
3.997093865689815145e-03 1.517481273331518776e-01
3.820057268296464872e-03 1.517700223463852027e-01
3.642558883676327158e-03 1.517909653667750824e-01
3.464601594590751513e-03 1.518109499355350667e-01
3.286188275327226946e-03 1.518299695914792635e-01
3.107321791801211531e-03 1.518480178709238626e-01
2.928005001663947643e-03 1.518650883075872704e-01
2.748240754416284536e-03 1.518811744324922719e-01
2.568031891528611051e-03 1.518962697738674150e-01
2.387381246566906267e-03 1.519103678570490334e-01
2.206291645325054659e-03 1.519234622043842131e-01
2.024765905963400205e-03 1.519355463351338698e-01
1.842806839153687294e-03 1.519466137653763538e-01
1.660417248230371774e-03 1.519566580079124984e-01
1.477599929348442183e-03 1.519656725721705848e-01
1.294357671647739698e-03 1.519736509641128053e-01
1.110693257423903861e-03 1.519805866861422550e-01
9.266094623059732390e-04 1.519864732370112825e-01
7.421090554406738812e-04 1.519913041117309516e-01
5.571947996835383606e-04 1.519950728014810293e-01
3.718694517968009123e-04 1.519977727935224732e-01
1.861357626542443152e-04 1.519993975711100564e-01
-3.522547007987428747e-09 1.519999406134071029e-01
-3.522546998099509814e-09 1.519999406134071029e-01
-1.572319394970580033e-04 1.519995431819839982e-01
-3.147277528254192424e-04 1.519983492947459824e-01
-4.724854272978824886e-04 1.519963565605393918e-01
-6.304994315804676210e-04 1.519935625859218375e-01
-7.887642381390720051e-04 1.519899649751381698e-01
-9.472743231371802191e-04 1.519855613300960528e-01
-1.106024166331619207e-03 1.519803492503433995e-01
-1.265008250966373525e-03 1.519743263330458061e-01
-1.424221063664454171e-03 1.519674901729654304e-01
-1.583657094317830923e-03 1.519598383624401472e-01
-1.743310835975430241e-03 1.519513684913643414e-01
-1.903176784729202755e-03 1.519420781471696735e-01
-2.063249439598268883e-03 1.519319649148079265e-01
-2.223523302411144122e-03 1.519210263767332703e-01
-2.383992877686049849e-03 1.519092601128871345e-01
-2.544652672509319178e-03 1.518966637006828879e-01
-2.705497196411902217e-03 1.518832347149917661e-01
-2.866520961243979385e-03 1.518689707281304369e-01
-3.027718481047682146e-03 1.518538693098486214e-01
-3.189084271927943720e-03 1.518379280273184917e-01
-3.350612851921478015e-03 1.518211444451249004e-01
-3.512298740863891572e-03 1.518035161252567211e-01
-3.674136460254947157e-03 1.517850406270992436e-01
-3.836120533121985081e-03 1.517657155074280118e-01
-3.998245483881509611e-03 1.517455383204032726e-01
-4.160505838198947856e-03 1.517245066175662016e-01
-4.322896122846609304e-03 1.517026179478357939e-01
-4.485410865559826508e-03 1.516798698575075877e-01
-4.648044594891316376e-03 1.516562598902530257e-01
-4.810791840063767706e-03 1.516317855871203157e-01
-4.973647130820652365e-03 1.516064444865369287e-01
-5.136604997275282664e-03 1.515802341243126516e-01
-5.299659969758147016e-03 1.515531520336448335e-01
-5.462806578662504804e-03 1.515251957451243525e-01
-5.626039354288269075e-03 1.514963627867431939e-01
-5.789352826684200475e-03 1.514666506839034421e-01
-5.952741525488411574e-03 1.514360569594277450e-01
-6.116199979767217125e-03 1.514045791335710545e-01
-6.279722717852325060e-03 1.513722147240340876e-01
-6.443304267176391646e-03 1.513389612459777045e-01
-6.606939154106965077e-03 1.513048162120399498e-01
-6.770621903778846137e-03 1.512697771323533724e-01
-6.934347039924819087e-03 1.512338415145644821e-01
-7.098109084704898493e-03 1.511970068638550380e-01
-7.261902558533946291e-03 1.511592706829645583e-01
-7.425721979907834273e-03 1.511206304722144400e-01
-7.589561865228071358e-03 1.510810837295342435e-01
-7.753416728624939851e-03 1.510406279504889204e-01
-7.917281081779197968e-03 1.509992606283085126e-01
-8.081149433742322585e-03 1.509569792539187660e-01
-8.245016290755330379e-03 1.509137813159745767e-01
-8.408876156066228541e-03 1.508696643008940186e-01
-8.572723529746049953e-03 1.508246256928952311e-01
-8.736552908503586456e-03 1.507786629740343887e-01
-8.900358785498765565e-03 1.507317736242459461e-01
-9.064135650154748688e-03 1.506839551213847439e-01
-9.227877987968728310e-03 1.506352049412698069e-01
-9.391580280321502189e-03 1.505855205577304179e-01
-9.555237004285821109e-03 1.505348994426537468e-01
-9.718842632433524059e-03 1.504833390660347547e-01
-9.882391632641518084e-03 1.504308368960284026e-01
-1.004587846789662710e-02 1.503773903990030802e-01
-1.020929759609932354e-02 1.503229970395969783e-01
-1.037264346986636020e-02 1.502676542807759308e-01
-1.053591053633237337e-02 1.502113595838939775e-01
-1.069909323695045905e-02 1.501541104087553702e-01
-1.086218600729176031e-02 1.500959042136795207e-01
-1.102518327684407808e-02 1.500367384555675865e-01
-1.118807946880958325e-02 1.499766105899716928e-01
-1.135086899990161123e-02 1.499155180711659319e-01
-1.151354628014061507e-02 1.498534583522203312e-01
-1.167610571264927379e-02 1.497904288850768206e-01
-1.183854169344681663e-02 1.497264271206272535e-01
-1.200084861124259966e-02 1.496614505087939528e-01
-1.216302084722894680e-02 1.495954964986138391e-01
-1.232505277487332476e-02 1.495285625383226402e-01
-1.248693875970983448e-02 1.494606460754437371e-01
-1.264867315913013879e-02 1.493917445568787028e-01
-1.281025032217379504e-02 1.493218554290000055e-01
-1.297166458931805176e-02 1.492509761377469879e-01
-1.313291029226715256e-02 1.491791041287237329e-01
-1.329398175374120472e-02 1.491062368473005384e-01
-1.345487328726462789e-02 1.490323717387167235e-01
-1.361557919695422815e-02 1.489575062481873768e-01
-1.377609377730693030e-02 1.488816378210118807e-01
-1.393641131298726035e-02 1.488047639026859603e-01
-1.409652607861458518e-02 1.487268819390158148e-01
-1.425643233855008844e-02 1.486479893762356896e-01
-1.441612434668369976e-02 1.485680836611274758e-01
-1.457559634622082427e-02 1.484871622411445269e-01
-1.473484256946908967e-02 1.484052225645365319e-01
-1.489385723762499773e-02 1.483222620804791336e-01
-1.505263456056071467e-02 1.482382782392054066e-01
-1.521116873661081288e-02 1.481532684921405829e-01
-1.536945395235930246e-02 1.480672302920401084e-01
-1.552748438242667998e-02 1.479801610931303357e-01
-1.568525418925736589e-02 1.478920583512526588e-01
-1.584275752290729977e-02 1.478029195240105897e-01
-1.599998852083195366e-02 1.477127420709199446e-01
-1.599998852083196060e-02 1.477127420709199168e-01
-1.613827322671979730e-02 1.476324300341621265e-01
-1.627632074552177663e-02 1.475513070034999430e-01
-1.641412597172385579e-02 1.474693739980251495e-01
-1.655168379337158130e-02 1.473866320386586215e-01
-1.668898909202496186e-02 1.473030821482236852e-01
-1.682603674271450703e-02 1.472187253515202243e-01
-1.696282161389862930e-02 1.471335626753990378e-01
-1.709933856742223632e-02 1.470475951488363908e-01
-1.723558245847674197e-02 1.469608238030086500e-01
-1.737154813556122251e-02 1.468732496713674729e-01
-1.750723044044499160e-02 1.467848737897147204e-01
-1.764262420813140358e-02 1.466956971962782297e-01
-1.777772426682302717e-02 1.466057209317870869e-01
-1.791252543788805079e-02 1.465149460395477610e-01
-1.804702253582808613e-02 1.464233735655198765e-01
-1.818121036824728656e-02 1.463310045583922914e-01
-1.831508373582271809e-02 1.462378400696598413e-01
-1.844863743227617703e-02 1.461438811536993065e-01
-1.858186624434720810e-02 1.460491288678465172e-01
-1.871476495176762136e-02 1.459535842724728194e-01
-1.884732832723721649e-02 1.458572484310622364e-01
-1.897955113640093644e-02 1.457601224102882953e-01
-1.911142813782731528e-02 1.456622072800914380e-01
-1.924295408298837967e-02 1.455635041137559871e-01
-1.937412371624078894e-02 1.454640139879879446e-01
-1.950493177480840459e-02 1.453637379829920417e-01
-1.963537298876626147e-02 1.452626771825495100e-01
-1.976544208102581218e-02 1.451608326740959909e-01
-1.989513376732164260e-02 1.450582055487986965e-01
-2.002444275619950226e-02 1.449547969016344584e-01
-2.015336374900575031e-02 1.448506078314678591e-01
-2.028189143987817189e-02 1.447456394411285041e-01
-2.041002051573816145e-02 1.446398928374894866e-01
-2.053774565628431123e-02 1.445333691315450475e-01
-2.066506153398743606e-02 1.444260694384886801e-01
-2.079196281408689922e-02 1.443179948777909005e-01
-2.091844415458843018e-02 1.442091465732775746e-01
-2.104450020626325718e-02 1.440995256532076330e-01
-2.117012561264871792e-02 1.439891332503513977e-01
-2.129531501005021976e-02 1.438779705020681310e-01
-2.142006302754463284e-02 1.437660385503841953e-01
-2.154436428698509182e-02 1.436533385420712683e-01
-2.166821340300719920e-02 1.435398716287234755e-01
-2.179160498303663734e-02 1.434256389668360498e-01
-2.191453362729821330e-02 1.433106417178827974e-01
-2.203699392882631572e-02 1.431948810483935353e-01
-2.215898047347676994e-02 1.430783581300321405e-01
-2.228048783994013987e-02 1.429610741396739604e-01
-2.240151059975643844e-02 1.428430302594832779e-01
-2.252204331733128825e-02 1.427242276769908336e-01
-2.264208054995344929e-02 1.426046675851707912e-01
-2.276161684781382102e-02 1.424843511825186482e-01
-2.288064675402588788e-02 1.423632796731272854e-01
-2.299916480464754900e-02 1.422414542667650439e-01
-2.311716552870438784e-02 1.421188761789515531e-01
-2.323464344821443706e-02 1.419955466310349468e-01
-2.335159307821424793e-02 1.418714668502683851e-01
-2.346800892678657657e-02 1.417466380698863271e-01
-2.358388549508931911e-02 1.416210615291807196e-01
-2.369921727738602199e-02 1.414947384735772695e-01
-2.381399876107778008e-02 1.413676701547109116e-01
-2.392822442673655028e-02 1.412398578305021080e-01
-2.404188874813997789e-02 1.411113027652317886e-01
-2.415498619230757593e-02 1.409820062296169574e-01
-2.426751121953843807e-02 1.408519695008858541e-01
-2.437945828345032193e-02 1.407211938628525338e-01
-2.449082183102024163e-02 1.405896806059920567e-01
-2.460159630262643768e-02 1.404574310275142068e-01
-2.471177613209187690e-02 1.403244464314384876e-01
-2.482135574672911585e-02 1.401907281286676465e-01
-2.493032956738670813e-02 1.400562774370612551e-01
-2.503869200849694054e-02 1.399210956815097606e-01
-2.514643747812516164e-02 1.397851841940071227e-01
-2.525356037802044956e-02 1.396485443137238658e-01
-2.536005510366778556e-02 1.395111773870800209e-01
-2.546591604434169168e-02 1.393730847678171236e-01
-2.557113758316128735e-02 1.392342678170705728e-01
-2.567571409714681716e-02 1.390947279034411566e-01
-2.577963995727765995e-02 1.389544664030666898e-01
-2.588290952855174659e-02 1.388134846996931515e-01
-2.598551717004650430e-02 1.386717841847454336e-01
-2.608745723498117480e-02 1.385293662573977291e-01
-2.618872407078069037e-02 1.383862323246442261e-01
-2.628931201914094795e-02 1.382423838013681627e-01
-2.638921541609553015e-02 1.380978221104118830e-01
-2.648842859208397002e-02 1.379525486826456426e-01
-2.658694587202140025e-02 1.378065649570365536e-01
-2.668476157536971843e-02 1.376598723807167524e-01
-2.678187001621019567e-02 1.375124724090515671e-01
-2.687826550331753536e-02 1.373643665057070473e-01
-2.697394234023549678e-02 1.372155561427172432e-01
-2.706889482535383001e-02 1.370660428005509857e-01
-2.716311725198685550e-02 1.369158279681780555e-01
-2.725660390845336192e-02 1.367649131431356579e-01
-2.734934907815811042e-02 1.366132998315936764e-01
-2.744134703967467462e-02 1.364609895484200086e-01
-2.753259206682993204e-02 1.363079838172448210e-01
-2.762307842878988090e-02 1.361542841705254969e-01
-2.771280039014700769e-02 1.359998921496098079e-01
-2.771280039014698687e-02 1.359998921496097801e-01
-2.779324952599777909e-02 1.358597166789742294e-01
-2.787305928561241083e-02 1.357189798753233034e-01
-2.795222596165144319e-02 1.355776854547264265e-01
-2.803074584582180423e-02 1.354358371387166526e-01
-2.810861522901239237e-02 1.352934386542700984e-01
-2.818583040142965193e-02 1.351504937337838219e-01
-2.826238765273351994e-02 1.350070061150519807e-01
-2.833828327217316131e-02 1.348629795412406573e-01
-2.841351354872303364e-02 1.347184177608614086e-01
-2.848807477121878887e-02 1.345733245277432322e-01
-2.856196322849323052e-02 1.344277036010030069e-01
-2.863517520951229522e-02 1.342815587450144621e-01
-2.870770700351086072e-02 1.341348937293762589e-01
-2.877955490012855042e-02 1.339877123288775729e-01
-2.885071518954539921e-02 1.338400183234631502e-01
-2.892118416261735964e-02 1.336918154981967810e-01
-2.899095811101160339e-02 1.335431076432227748e-01
-2.906003332734168054e-02 1.333938985537268807e-01
-2.912840610530238739e-02 1.332441920298948201e-01
-2.919607273980441217e-02 1.330939918768702657e-01
-2.926302952710864436e-02 1.329433019047107090e-01
-2.932927276496018892e-02 1.327921259283428301e-01
-2.939479875272204071e-02 1.326404677675148136e-01
-2.945960379150834238e-02 1.324883312467494412e-01
-2.952368418431728161e-02 1.323357201952937434e-01
-2.958703623616348519e-02 1.321826384470689009e-01
-2.964965625421007653e-02 1.320290898406171476e-01
-2.971154054790003246e-02 1.318750782190490356e-01
-2.977268542908725543e-02 1.317206074299877294e-01
-2.983308721216693105e-02 1.315656813255131341e-01
-2.989274221420532007e-02 1.314103037621036640e-01
-2.995164675506909943e-02 1.312544786005776509e-01
-3.000979715755383928e-02 1.310982097060324481e-01
-3.006718974751199439e-02 1.309415009477827574e-01
-3.012382085398016690e-02 1.307843561992976245e-01
-3.017968680930556771e-02 1.306267793381355735e-01
-3.023478394927188798e-02 1.304687742458791877e-01
-3.028910861322422696e-02 1.303103448080677462e-01
-3.034265714419340232e-02 1.301514949141286959e-01
-3.039542588901926121e-02 1.299922284573080400e-01
-3.044741119847326274e-02 1.298325493345992010e-01
-3.049860942738013767e-02 1.296724614466707171e-01
-3.054901693473864935e-02 1.295119686977923568e-01
-3.059863008384137995e-02 1.293510749957604566e-01
-3.064744524239367343e-02 1.291897842518218154e-01
-3.069545878263143721e-02 1.290281003805958115e-01
-3.074266708143805898e-02 1.288660272999963829e-01
-3.078906652046025511e-02 1.287035689311513686e-01
-3.083465348622279126e-02 1.285407291983218792e-01
-3.087942437024221443e-02 1.283775120288198068e-01
-3.092337556913941216e-02 1.282139213529240040e-01
-3.096650348475104078e-02 1.280499611037958230e-01
-3.100880452423978792e-02 1.278856352173929900e-01
-3.105027510020349005e-02 1.277209476323824255e-01
-3.109091163078293515e-02 1.275559022900517314e-01
-3.113071053976857600e-02 1.273905031342204008e-01
-3.116966825670578270e-02 1.272247541111482527e-01
-3.120778121699907537e-02 1.270586591694443379e-01
-3.124504586201472603e-02 1.268922222599737915e-01
-3.128145863918234404e-02 1.267254473357638245e-01
-3.131701600209483433e-02 1.265583383519086336e-01
-3.135171441060718295e-02 1.263908992654732555e-01
-3.138555033093368835e-02 1.262231340353960340e-01
-3.141852023574383951e-02 1.260550466223907262e-01
-3.145062060425674738e-02 1.258866409888465543e-01
-3.148184792233407053e-02 1.257179210987280915e-01
-3.151219868257144202e-02 1.255488909174737044e-01
-3.154166938438842521e-02 1.253795544118930516e-01
-3.157025653411691529e-02 1.252099155500634164e-01
-3.159795664508788932e-02 1.250399783012253740e-01
-3.162476623771673379e-02 1.248697466356771674e-01
-3.165068183958685138e-02 1.246992245246684450e-01
-3.167569998553166483e-02 1.245284159402925278e-01
-3.169981721771502475e-02 1.243573248553784538e-01
-3.172303008570986210e-02 1.241859552433811353e-01
-3.174533514657525840e-02 1.240143110782717245e-01
-3.176672896493173276e-02 1.238423963344262857e-01
-3.178720811303484967e-02 1.236702149865135797e-01
-3.180676917084701572e-02 1.234977710093824316e-01
-3.182540872610763877e-02 1.233250683779481410e-01
-3.184312337440132340e-02 1.231521110670775326e-01
-3.185990971922451204e-02 1.229789030514738674e-01
-3.187576437204996810e-02 1.228054483055604218e-01
-3.189068395238977421e-02 1.226317508033637066e-01
-3.190466508785626959e-02 1.224578145183952138e-01
-3.191770441422113469e-02 1.222836434235333863e-01
-3.192979857547260242e-02 1.221092414909039497e-01
-3.194094422387083049e-02 1.219346126917598000e-01
-3.195113802000121295e-02 1.217597609963604055e-01
-3.196037663282591534e-02 1.215846903738501128e-01
-3.196865673973327965e-02 1.214094047921359526e-01
-3.197597502658541119e-02 1.212339082177649185e-01
-3.198232818776364228e-02 1.210582046158001496e-01
-3.198771292621217094e-02 1.208822979496968208e-01
-3.199212595347947913e-02 1.207061921811774102e-01
-3.199556398975781507e-02 1.205298912701059932e-01
-3.199802376392067715e-02 1.203533991743624409e-01
-3.199950201355820228e-02 1.201767198497155631e-01
-3.199999548501039626e-02 1.199998572496960431e-01
-3.199999548501038238e-02 1.199998572496960292e-01
-3.199950225835802853e-02 1.198229913508550015e-01
-3.199802472145060056e-02 1.196463024110707568e-01
-3.199556609600833629e-02 1.194697947985856046e-01
-3.199212961325720306e-02 1.192934728741976980e-01
-3.198771851389929644e-02 1.191173409911604891e-01
-3.198233604808069230e-02 1.189414034950845162e-01
-3.197598547535680791e-02 1.187656647238394259e-01
-3.196867006465534122e-02 1.185901290074573844e-01
-3.196039309423662905e-02 1.184148006680366960e-01
-3.195115785165165978e-02 1.182396840196473509e-01
-3.194096763369771302e-02 1.180647833682370584e-01
-3.192982574637145965e-02 1.178901030115380166e-01
-3.191773550481988297e-02 1.177156472389756375e-01
-3.190470023328865340e-02 1.175414203315773426e-01
-3.189072326506837973e-02 1.173674265618831758e-01
-3.187580794243843885e-02 1.171936701938571523e-01
-3.185995761660855713e-02 1.170201554827996204e-01
-3.184317564765815761e-02 1.168468866752613994e-01
-3.182546540447352829e-02 1.166738680089582508e-01
-3.180683026468268670e-02 1.165011037126873067e-01
-3.178727361458816292e-02 1.163285980062439828e-01
-3.176679884909758278e-02 1.161563551003405165e-01
-3.174540937165221122e-02 1.159843791965262383e-01
-3.172310859415324730e-02 1.158126744871077057e-01
-3.169989993688622498e-02 1.156412451550714315e-01
-3.167578682844324894e-02 1.154700953740077501e-01
-3.165077270564325973e-02 1.152992293080349062e-01
-3.162486101345030748e-02 1.151286511117261407e-01
-3.159805520488986191e-02 1.149583649300364441e-01
-3.157035874096314476e-02 1.147883748982321261e-01
-3.154177509055967193e-02 1.146186851418206643e-01
-3.151230773036776261e-02 1.144492997764827852e-01
-3.148196014478327892e-02 1.142802229080054355e-01
-3.145073582581661698e-02 1.141114586322161256e-01
-3.141863827299765100e-02 1.139430110349193420e-01
-3.138567099327922022e-02 1.137748841918337639e-01
-3.135183750093868682e-02 1.136070821685314369e-01
-3.131714131747777990e-02 1.134396090203780433e-01
-3.128158597152086440e-02 1.132724687924749757e-01
-3.124517499871146131e-02 1.131056655196028410e-01
-3.120791194160717902e-02 1.129392032261666429e-01
-3.116980034957306592e-02 1.127730859261422136e-01
-3.113084377867334634e-02 1.126073176230245748e-01
-3.109104579156172013e-02 1.124419023097777554e-01
-3.105040995737000722e-02 1.122768439687860387e-01
-3.100893985159546701e-02 1.121121465718069726e-01
-3.096663905598658062e-02 1.119478140799264054e-01
-3.092351115842745246e-02 1.117838504435144514e-01
-3.087955975282075105e-02 1.116202596021833859e-01
-3.083478843896950150e-02 1.114570454847477188e-01
-3.078920082245726123e-02 1.112942120091851006e-01
-3.074280051452723747e-02 1.111317630825997133e-01
-3.069559113196003441e-02 1.109697026011866733e-01
-3.064757629695018942e-02 1.108080344501990583e-01
-3.059875963698150889e-02 1.106467625039154884e-01
-3.054914478470122791e-02 1.104858906256106360e-01
-3.049873537779303895e-02 1.103254226675268040e-01
-3.044753505884899639e-02 1.101653624708473500e-01
-3.039554747524038716e-02 1.100057138656722056e-01
-3.034277627898745305e-02 1.098464806709948116e-01
-3.028922512662827332e-02 1.096876666946812046e-01
-3.023489767908644002e-02 1.095292757334508232e-01
-3.017979760153800470e-02 1.093713115728587176e-01
-3.012392856327733223e-02 1.092137779872806164e-01
-3.006729423758216710e-02 1.090566787398986326e-01
-3.000989830157779065e-02 1.089000175826897177e-01
-2.995174443610037693e-02 1.087437982564156969e-01
-2.989283632555956444e-02 1.085880244906149428e-01
-2.983317765780026457e-02 1.084327000035966992e-01
-2.977277212396364434e-02 1.082778285024360854e-01
-2.971162341834757484e-02 1.081234136829724163e-01
-2.964973523826630944e-02 1.079694592298081207e-01
-2.958711128390955139e-02 1.078159688163106422e-01
-2.952375525820088650e-02 1.076629461046159364e-01
-2.945967086665571971e-02 1.075103947456331616e-01
-2.939486181723858019e-02 1.073583183790528528e-01
-2.932933182021998236e-02 1.072067206333553735e-01
-2.926308458803280471e-02 1.070556051258229197e-01
-2.919612383512818626e-02 1.069049754625519821e-01
-2.912845327783107965e-02 1.067548352384691396e-01
-2.906007663419532885e-02 1.066051880373478089e-01
-2.899099762385850057e-02 1.064560374318277158e-01
-2.892121996789628890e-02 1.063073869834358642e-01
-2.885074738867675695e-02 1.061592402426096704e-01
-2.877958360971425919e-02 1.060116007487224288e-01
-2.870773235552305860e-02 1.058644720301101516e-01
-2.863519735147094722e-02 1.057178576041011009e-01
-2.856198232363256831e-02 1.055717609770467358e-01
-2.848809099864258246e-02 1.054261856443552414e-01
-2.841352710354888220e-02 1.052811350905267229e-01
-2.833829436566564358e-02 1.051366127891905089e-01
-2.826239651242627021e-02 1.049926222031446338e-01
-2.818583727123656277e-02 1.048491667843972908e-01
-2.810862036932768385e-02 1.047062499742101860e-01
-2.803074953360928587e-02 1.045638752031440855e-01
-2.795222849052276734e-02 1.044220458911066796e-01
-2.787306096589457424e-02 1.042807654474017798e-01
-2.779325068478970262e-02 1.041400372707815547e-01
-2.771280137136533997e-02 1.039998647494997097e-01
-2.771280137136533650e-02 1.039998647494997375e-01
-2.762307959611841682e-02 1.038454740576840590e-01
-2.753259377394872906e-02 1.036917783053303843e-01
-2.744134961308025006e-02 1.035387788956118743e-01
-2.734935281799531423e-02 1.033864772244766916e-01
-2.725660908934192384e-02 1.032348746807502382e-01
-2.716312412384220068e-02 1.030839726462380035e-01
-2.706890361420221519e-02 1.029337724958285516e-01
-2.697395324902286326e-02 1.027842755975976602e-01
-2.687827871271205454e-02 1.026354833129128757e-01
-2.678188568539816017e-02 1.024873969965383325e-01
-2.668477984284462270e-02 1.023400179967407925e-01
-2.658696685636584636e-02 1.021933476553957137e-01
-2.648845239274431537e-02 1.020473873080940119e-01
-2.638924211414895096e-02 1.019021382842496826e-01
-2.628934167805474856e-02 1.017576019072074789e-01
-2.618875673716361194e-02 1.016137794943516304e-01
-2.608749293932649885e-02 1.014706723572146169e-01
-2.598555592746680173e-02 1.013282818015868170e-01
-2.588295133950497054e-02 1.011866091276267393e-01
-2.577968480828447470e-02 1.010456556299714342e-01
-2.567576196149891007e-02 1.009054225978474328e-01
-2.557118842162053526e-02 1.007659113151826158e-01
-2.546596980582995634e-02 1.006271230607181932e-01
-2.536011172594718546e-02 1.004890591081211704e-01
-2.525361978836390686e-02 1.003517207260974098e-01
-2.514649959397711673e-02 1.002151091785051795e-01
-2.503875673812394967e-02 1.000792257244689787e-01
-2.493039681051794146e-02 9.994407161849414023e-02
-2.482142539518646107e-02 9.980964811058140596e-02
-2.471184807040952350e-02 9.967595644634247298e-02
-2.460167040865987934e-02 9.954299786711541531e-02
-2.449089797654444012e-02 9.941077361008093805e-02
-2.437953633474697346e-02 9.927928490837900632e-02
-2.426759103797217210e-02 9.914853299122541874e-02
-2.415506763489104480e-02 9.901851908402960201e-02
-2.404197166808755975e-02 9.888924440851182274e-02
-2.392830867400667569e-02 9.876071018282152336e-02
-2.381408418290372267e-02 9.863291762165582455e-02
-2.369930371879506309e-02 9.850586793637797212e-02
-2.358397279941014044e-02 9.837956233513689419e-02
-2.346809693614481870e-02 9.825400202298638364e-02
-2.335168163401614427e-02 9.812918820200500214e-02
-2.323473239161836373e-02 9.800512207141628962e-02
-2.311725470108038499e-02 9.788180482770911239e-02
-2.299925404802449086e-02 9.775923766475841381e-02
-2.288073591152653408e-02 9.763742177394635346e-02
-2.276170576407738136e-02 9.751635834428359906e-02
-2.264216907154577643e-02 9.739604856253084031e-02
-2.252213129314257697e-02 9.727649361332099676e-02
-2.240159788138632729e-02 9.715769467928085656e-02
-2.228057428207022225e-02 9.703965294115413087e-02
-2.215906593423046592e-02 9.692236957792346730e-02
-2.203707827011596593e-02 9.680584576693375409e-02
-2.191461671515941914e-02 9.669008268401499406e-02
-2.179168668794984748e-02 9.657508150360592791e-02
-2.166829360020637932e-02 9.646084339887710246e-02
-2.154444285675358520e-02 9.634736954185503521e-02
-2.142013985549806945e-02 9.623466110354590708e-02
-2.129538998740650169e-02 9.612271925405976858e-02
-2.117019863648510192e-02 9.601154516273474604e-02
-2.104457117976039210e-02 9.590113999826140045e-02
-2.091851298726148806e-02 9.579150492880748879e-02
-2.079202942200369941e-02 9.568264112214265593e-02
-2.066512583997354852e-02 9.557454974576301554e-02
-2.053780759011522919e-02 9.546723196701664693e-02
-2.041008001431844979e-02 9.536068895322817596e-02
-2.028194844740764669e-02 9.525492187182423021e-02
-2.015341821713268963e-02 9.514993189045889421e-02
-2.002449464416093672e-02 9.504572017713863730e-02
-1.989518304207070140e-02 9.494228790034825449e-02
-1.976548871734619406e-02 9.483963622917609970e-02
-1.963541696937378192e-02 9.473776633343963804e-02
-1.950497309043977556e-02 9.463667938381131739e-02
-1.937416236572953032e-02 9.453637655194407907e-02
-1.924299007332805692e-02 9.443685901059695187e-02
-1.911146148422196780e-02 9.433812793376099293e-02
-1.897958186230293276e-02 9.424018449678475684e-02
-1.884735646437246670e-02 9.414302987650016719e-02
-1.871479054014820245e-02 9.404666525134826316e-02
-1.858188933227156864e-02 9.395109180150455763e-02
-1.844865807631689003e-02 9.385631070900511685e-02
-1.831510200080187570e-02 9.376232315787189076e-02
-1.818122632719962675e-02 9.366913033423809876e-02
-1.804703626995194168e-02 9.357673342647426784e-02
-1.791253703648414478e-02 9.348513362531291060e-02
-1.777773382722131618e-02 9.339433212397457718e-02
-1.764263183560587159e-02 9.330433011829242229e-02
-1.750723624811668586e-02 9.321512880683768820e-02
-1.737155224428957312e-02 9.312672939104471581e-02
-1.723558499673915820e-02 9.303913307533578925e-02
-1.709933967118223638e-02 9.295234106724552248e-02
-1.696282142646253141e-02 9.286635457754606471e-02
-1.682603541457684815e-02 9.278117482037100128e-02
-1.668898678070265471e-02 9.269680301334000394e-02
-1.655168066322712864e-02 9.261324037768253747e-02
-1.641412219377754236e-02 9.253048813836199649e-02
-1.627631649725315433e-02 9.244854752419941202e-02
-1.613826869185838037e-02 9.236741976799676956e-02
-1.599998388913756453e-02 9.228710610666022995e-02
-1.599998388913758188e-02 9.228710610666024383e-02
-1.584275286898695692e-02 9.219693378628955605e-02
-1.568524947187936031e-02 9.210780991446540500e-02
-1.552747956496543062e-02 9.201973129865358147e-02
-1.536944900250681624e-02 9.193269476042326138e-02
-1.521116362610101455e-02 9.184669713551106562e-02
-1.505262926490608631e-02 9.176173527388356566e-02
-1.489385173586529366e-02 9.167780603979495957e-02
-1.473483684393156121e-02 9.159490631184313836e-02
-1.457559038229168727e-02 9.151303298302138067e-02
-1.441611813259031233e-02 9.143218296076742468e-02
-1.425642586515364109e-02 9.135235316700995867e-02
-1.409651933921272915e-02 9.127354053821107316e-02
-1.393640430312649212e-02 9.119574202540678409e-02
-1.377608649460422378e-02 9.111895459424407262e-02
-1.361557164092769626e-02 9.104317522501483018e-02
-1.345486545917275352e-02 9.096840091268769413e-02
-1.329397365643039154e-02 9.089462866693620580e-02
-1.313290193002724683e-02 9.082185551216481745e-02
-1.297165596774548998e-02 9.075007848753172124e-02
-1.281024144804211208e-02 9.067929464696927733e-02
-1.264866404026747902e-02 9.060950105920158315e-02
-1.248692940488325617e-02 9.054069480775919776e-02
-1.232504319367954369e-02 9.047287299099190938e-02
-1.216301104999124513e-02 9.040603272207803354e-02
-1.200083860891366927e-02 9.034017112903210134e-02
-1.183853149751726286e-02 9.027528535470899507e-02
-1.167609533506150030e-02 9.021137255680661271e-02
-1.151353573320788339e-02 9.014842990786538224e-02
-1.135085829623201648e-02 9.008645459526579136e-02
-1.118806862123471711e-02 9.002544382122311395e-02
-1.102517229835218993e-02 8.996539480278015199e-02
-1.086217491096514755e-02 8.990630477179770152e-02
-1.069908203590694447e-02 8.984817097494229854e-02
-1.053589924367061455e-02 8.979099067367191100e-02
-1.037263209861487290e-02 8.973476114421975736e-02
-1.020928615916896591e-02 8.967947967757554373e-02
-1.004586697803641800e-02 8.962514357946436971e-02
-9.882380102397598717e-03 8.957175017032410758e-02
-9.718831074111155405e-03 8.951929678528008916e-02
-9.555225429914193311e-03 8.946778077411818297e-02
-9.391568701621274412e-03 8.941719950125524841e-02
-9.227866416322132517e-03 8.936755034570824374e-02
-9.064124096578153253e-03 8.931883070106091949e-02
-8.900347260617566883e-03 8.927103797542866592e-02
-8.736541422529300188e-03 8.922416959142144555e-02
-8.572712092455539445e-03 8.917822298610475484e-02
-8.408864776782936853e-03 8.913319561095867094e-02
-8.245004978332437853e-03 8.908908493183546884e-02
-8.081138196547734548e-03 8.904588842891478229e-02
-7.917269927682334812e-03 8.900360359665733523e-02
-7.753405664985181175e-03 8.896222794375696630e-02
-7.589550898884848962e-03 8.892175899309071041e-02
-7.425711117172312421e-03 8.888219428166735381e-02
-7.261891805182207719e-03 8.884353136057411560e-02
-7.098098445972645699e-03 8.880576779492173334e-02
-6.934336520503485944e-03 8.876890116378810536e-02
-6.770611507813144997e-03 8.873292906016011505e-02
-6.606928885193843332e-03 8.869784909087376212e-02
-6.443294128365325765e-03 8.866365887655315581e-02
-6.279712711647003273e-03 8.863035605154735708e-02
-6.116190108128576920e-03 8.859793826386661020e-02
-5.952731789839007734e-03 8.856640317511590976e-02
-5.789343227913962622e-03 8.853574846042823465e-02
-5.626029892761610571e-03 8.850597180839568645e-02
-5.462797254226822025e-03 8.847707092099926784e-02
-5.299650781753724622e-03 8.844904351353771732e-02
-5.136595944546629156e-03 8.842188731455419282e-02
-4.973638211729297133e-03 8.839560006576235862e-02
-4.810783052502567297e-03 8.837017952197094572e-02
-4.648035936300276907e-03 8.834562345100671621e-02
-4.485402332943535034e-03 8.832192963363642846e-02
-4.322887712793288886e-03 8.829909586348741457e-02
-4.160497546901202257e-03 8.827711994696728348e-02
-3.998237307158811378e-03 8.825599970318179222e-02
-3.836112466444972519e-03 8.823573296385202325e-02
-3.674128498771593067e-03 8.821631757323020184e-02
-3.512290879427629620e-03 8.819775138801447256e-02
-3.350605085121341389e-03 8.818003227726255167e-02
-3.189076594120784577e-03 8.816315812230378357e-02
-3.027710886392591134e-03 8.814712681665104466e-02
-2.866513443738951620e-03 8.813193626591091234e-02
-2.705489749932852520e-03 8.811758438769294599e-02
-2.544645290851537626e-03 8.810406911151776044e-02
-2.383985554608179618e-03 8.809138837872462768e-02
-2.223516031681799145e-03 8.807954014237774631e-02
-2.063242215045362014e-03 8.806852236717116478e-02
-1.903169600292098276e-03 8.805833302933362139e-02
-1.743303685760029358e-03 8.804897011653173289e-02
-1.583649972654691072e-03 8.804043162777280829e-02
-1.424213965170027362e-03 8.803271557330612229e-02
-1.265001170607520055e-03 8.802581997452416096e-02
-1.106017099493443370e-03 8.801974286386216040e-02
-9.472672656943641970e-04 8.801448228469750668e-02
-7.887571865307736393e-04 8.801003629124795613e-02
-6.304923828889107563e-04 8.800640294846916178e-02
-4.724783793307750415e-04 8.800358033195125607e-02
-3.147207042022739086e-04 8.800156652781519762e-02
-1.572248897395672849e-04 8.800035963260753602e-02
3.527826419866283755e-09 8.799995775319535696e-02
3.527826424029625226e-09 8.799995775319534308e-02
1.861428115103997934e-04 8.800050266451502068e-02
3.718764960355733901e-04 8.800213282186103436e-02
5.572018361615026748e-04 8.800484137426829723e-02
7.421160810379511105e-04 8.800862148907587224e-02
9.266164739854296879e-04 8.801346635155071763e-02
1.110700252283114376e-03 8.801936916451047477e-02
1.294364646964065325e-03 8.802632314794728297e-02
1.477606882617675792e-03 8.803432153865156651e-02
1.660424177199272804e-03 8.804335758983608540e-02
1.842813741846799054e-03 8.805342457076084650e-02
2.024772780704501684e-03 8.806451576635804246e-02
2.206298490753549977e-03 8.807662447685828122e-02
2.387388061649510854e-03 8.808974401741695437e-02
2.568038675566613853e-03 8.810386771774192383e-02
2.748247507048715618e-03 8.811898892172179143e-02
2.928011722866902516e-03 8.813510098705554241e-02
3.107328481883663528e-03 8.815219728488282724e-02
3.286194934923531916e-03 8.817027119941570068e-02
3.464608224650155780e-03 8.818931612757174854e-02
3.642565485449694718e-03 8.820932547860795003e-02
3.820063843320488373e-03 8.823029267375687157e-02
3.997100415768900170e-03 8.825221114586324911e-02
4.173672311711300667e-03 8.827507433902292977e-02
4.349776631382059992e-03 8.829887570822329834e-02
4.525410466247531578e-03 8.832360871898495280e-02
4.700570898925914010e-03 8.834926684700572519e-02
4.875255003112931133e-03 8.837584357780603472e-02
5.049459843513248031e-03 8.840333240637654466e-02
5.223182475777579485e-03 8.843172683682720692e-02
5.396419946445352167e-03 8.846102038203909612e-02
5.569169292892918802e-03 8.849120656331772861e-02
5.741427543287189010e-03 8.852227891004850469e-02
5.913191716544652539e-03 8.855423095935477384e-02
6.084458822295675182e-03 8.858705625575767628e-02
6.255225860854023157e-03 8.862074835083882940e-02
6.425489823191538746e-03 8.865530080290452697e-02
6.595247690917856176e-03 8.869070717665346326e-02
6.764496436265141251e-03 8.872696104284566454e-02
6.933233022077742863e-03 8.876405597797523694e-02
7.101454401806662695e-03 8.880198556394458542e-02
7.269157519508832703e-03 8.884074338774178292e-02
7.436339309851055547e-03 8.888032304112046533e-02
7.602996698118565447e-03 8.892071812028250199e-02
7.769126600228145295e-03 8.896192222556324747e-02
7.934725922745709814e-03 8.900392896111980479e-02
8.099791562908242870e-03 8.904673193462178671e-02
8.264320408650121033e-03 8.909032475694525499e-02
8.428309338633607414e-03 8.913470104186950460e-02
8.591755222283538329e-03 8.917985440577648470e-02
8.754654919826122123e-03 8.922577846735355034e-02
8.917005282331708776e-03 8.927246684729921167e-02
9.078803151761528564e-03 8.931991316803157555e-02
9.240045361018278322e-03 8.936811105340043693e-02
9.400728734000498091e-03 8.941705412840168787e-02
9.560850085660663536e-03 8.946673601889582050e-02
9.720406222066895266e-03 8.951715035132876142e-02
9.879393940468262497e-03 8.956829075245623106e-02
1.003781002936351974e-02 8.962015084907164197e-02
1.019565126857330251e-02 8.967272426773652272e-02
1.035291442931560689e-02 8.972600463451502195e-02
1.050959627428457548e-02 8.977998557471114638e-02
1.066569355773240579e-02 8.983466071260939878e-02
1.082120302555442115e-02 8.989002367121910753e-02
1.097612141537710265e-02 8.994606807202160104e-02
1.113044545664914654e-02 9.000278753472124027e-02
1.128417187073533015e-02 9.006017567699953208e-02
1.143729737101322440e-02 9.011822611427289242e-02
1.158981866297260389e-02 9.017693245945357372e-02
1.174173244431751979e-02 9.023628832271440858e-02
1.189303540507092617e-02 9.029628731125645402e-02
1.204372422768182349e-02 9.035692302908104878e-02
1.219379558713480118e-02 9.041818907676429928e-02
1.234324615106193596e-02 9.048007905123571504e-02
1.249207257985697136e-02 9.054258654556031349e-02
1.264027152679164656e-02 9.060570514872409720e-02
1.278783963813418835e-02 9.066942844542300040e-02
1.293477355326981895e-02 9.073375001585573529e-02
1.308106990482321881e-02 9.079866343551960817e-02
1.322672531878291494e-02 9.086416227501080412e-02
1.337173641462745602e-02 9.093024009982692002e-02
1.351609980545329798e-02 9.099689047017445187e-02
1.365981209810442770e-02 9.106410694077890500e-02
1.380286989330350121e-02 9.113188306069885947e-02
1.394526978578452918e-02 9.120021237314349105e-02
1.408700836442699188e-02 9.126908841529379757e-02
1.422808221239132108e-02 9.133850471812726690e-02
1.436848790725563617e-02 9.140845480624630592e-02
1.450822202115374313e-02 9.147893219770963924e-02
1.464728112091425415e-02 9.154993040386853742e-02
1.478566176820071514e-02 9.162144292920516853e-02
1.492336051965281393e-02 9.169346327117540441e-02
1.506037392702841600e-02 9.176598492005515195e-02
1.519669853734651084e-02 9.183900135878957094e-02
1.533233089303085578e-02 9.191250606284676050e-02
1.546726753205435699e-02 9.198649250007447098e-02
1.560150498808406984e-02 9.206095413056034071e-02
1.573503979062669880e-02 9.213588440649553291e-02
1.586786846517462130e-02 9.221127677204253581e-02
1.599998753335227231e-02 9.228712466320565522e-02
1.599998753335226537e-02 9.228712466320571073e-02
1.617111373591569382e-02 9.238661148671252488e-02
1.634106047801661687e-02 9.248678432213801315e-02
1.650983101552435869e-02 9.258763430946784223e-02
1.667742859249618514e-02 9.268915257183431289e-02
1.684385644156270387e-02 9.279133021523409963e-02
1.700911778431452026e-02 9.289415832825463626e-02
1.717321583169014246e-02 9.299762798180910561e-02
1.733615378436475368e-02 9.310173022887993644e-02
1.749793483313978951e-02 9.320645610427107097e-02
1.765856215933311185e-02 9.331179662436867028e-02
1.781803893516957504e-02 9.341774278691049316e-02
1.797636832417180003e-02 9.352428557076336579e-02
1.813355348155103533e-02 9.363141593570969978e-02
1.828959755459789310e-02 9.373912482224193432e-02
1.844450368307276600e-02 9.384740315136537447e-02
1.859827499959582423e-02 9.395624182440985572e-02
1.875091463003637771e-02 9.406563172284893026e-02
1.890242569390147842e-02 9.417556370812799060e-02
1.905281130472350620e-02 9.428602862150015085e-02
1.920207457044679350e-02 9.439701728387039914e-02
1.935021859381289705e-02 9.450852049564806290e-02
1.949724647274445402e-02 9.462052903660675418e-02
1.964316130072761568e-02 9.473303366575286377e-02
1.978796616719266308e-02 9.484602512120185458e-02
1.993166415789281165e-02 9.495949412006204904e-02
2.007425835528112851e-02 9.507343135832684033e-02
2.021575183888519450e-02 9.518782751077412008e-02
2.035614768567960836e-02 9.530267323087361631e-02
2.049544897045608993e-02 9.541795915070196143e-02
2.063365876619109238e-02 9.553367588086517093e-02
2.077078014441069084e-02 9.564981401042857434e-02
2.090681617555277538e-02 9.576636410685424039e-02
2.104176992932634688e-02 9.588331671594589600e-02
2.117564447506778413e-02 9.600066236180074264e-02
2.130844288209396767e-02 9.611839154676904418e-02
2.144016822005216649e-02 9.623649475142018184e-02
2.157082355926662545e-02 9.635496243451642517e-02
2.170041197108154782e-02 9.647378503299308683e-02
2.182893652820063618e-02 9.659295296194614355e-02
2.195640030502284124e-02 9.671245661462624099e-02
2.208280637797443990e-02 9.683228636243958187e-02
2.220815782583704032e-02 9.695243255495564205e-02
2.233245773007179469e-02 9.707288551992122871e-02
2.245570917513936560e-02 9.719363556328110276e-02
2.257791524881582954e-02 9.731467296920512378e-02
2.269907904250416386e-02 9.743598800012150118e-02
2.281920365154156347e-02 9.755757089675655414e-02
2.293829217550207716e-02 9.767941187818043880e-02
2.305634771849487952e-02 9.780150114185882926e-02
2.317337338945781727e-02 9.792382886371077400e-02
2.328937230244633103e-02 9.804638519817253373e-02
2.340434757691750925e-02 9.816916027826673441e-02
2.351830233800933020e-02 9.829214421567757098e-02
2.363123971681499111e-02 9.841532710083167323e-02
2.374316285065213722e-02 9.853869900298414808e-02
2.385407488332713655e-02 9.866224997031039501e-02
2.396397896539410183e-02 9.878597003000269550e-02
2.407287825440877424e-02 9.890984918837275597e-02
2.418077591517709193e-02 9.903387743095863616e-02
2.428767511999843989e-02 9.915804472263724245e-02
2.439357904890349094e-02 9.928234100774138704e-02
2.449849088988661355e-02 9.940675621018163488e-02
2.460241383913276333e-02 9.953128023357338261e-02
2.470535110123882327e-02 9.965590296136772608e-02
2.480730588942928194e-02 9.978061425698761533e-02
2.490828142576635706e-02 9.990540396396792311e-02
2.500828094135428004e-02 1.000302619060999543e-01
2.510730767653798073e-02 1.001551778875802434e-01
2.520536488109585346e-02 1.002801416931634326e-01
2.530245581442674974e-02 1.004051430883190488e-01
2.539858374573108341e-02 1.005301718193920835e-01
2.549375195418606549e-02 1.006552176137677918e-01
2.558796372911491951e-02 1.007802701800394884e-01
2.568122237015025774e-02 1.009053192081808270e-01
2.577353118739127494e-02 1.010303543697204792e-01
2.586489350155508210e-02 1.011553653179211032e-01
2.595531264412189246e-02 1.012803416879611978e-01
2.604479195747414974e-02 1.014052730971198996e-01
2.613333479502953638e-02 1.015301491449653870e-01
2.622094452136790668e-02 1.016549594135454371e-01
2.630762451235205135e-02 1.017796934675819498e-01
2.639337815524222391e-02 1.019043408546669305e-01
2.647820884880471362e-02 1.020288911054619968e-01
2.656212000341400675e-02 1.021533337339002867e-01
2.664511504114888338e-02 1.022776582373904897e-01
2.672719739588222745e-02 1.024018540970232233e-01
2.680837051336477928e-02 1.025259107777800327e-01
2.688863785130248679e-02 1.026498177287442082e-01
2.696800287942778540e-02 1.027735643833133788e-01
2.704646907956458762e-02 1.028971401594145491e-01
2.712403994568706941e-02 1.030205344597203698e-01
2.720071898397224616e-02 1.031437366718679777e-01
2.727650971284641124e-02 1.032667361686780833e-01
2.735141566302521851e-02 1.033895223083770298e-01
2.742544037754771763e-02 1.035120844348190183e-01
2.749858741180411653e-02 1.036344118777106360e-01
2.757086033355742732e-02 1.037564939528357599e-01
2.764226272295889839e-02 1.038783199622822090e-01
2.771279817255736799e-02 1.039998791946689927e-01
2.771279817255736105e-02 1.039998791946689788e-01
2.787994775243318735e-02 1.042920236993384042e-01
2.804294077806946187e-02 1.045821636545786193e-01
2.820182594508612028e-02 1.048702766541919906e-01
2.835665210495886754e-02 1.051563403705520205e-01
2.850746825898469589e-02 1.054403325554678916e-01
2.865432355236456965e-02 1.057222310410037697e-01
2.879726726840159748e-02 1.060020137402519630e-01
2.893634882281301279e-02 1.062796586480607430e-01
2.907161775815419319e-02 1.065551438417184082e-01
2.920312373835309838e-02 1.068284474815920926e-01
2.933091654335349963e-02 1.070995478117233446e-01
2.945504606386554688e-02 1.073684231603808104e-01
2.957556229622198413e-02 1.076350519405695066e-01
2.969251533733860415e-02 1.078994126504985579e-01
2.980595537977755519e-02 1.081614838740076467e-01
2.991593270691190326e-02 1.084212442809519145e-01
3.002249768819018408e-02 1.086786726275469905e-01
3.012570077449965369e-02 1.089337477566748175e-01
3.022559249362665595e-02 1.091864485981497435e-01
3.032222344581307280e-02 1.094367541689473394e-01
3.041564429940735864e-02 1.096846435733951630e-01
3.050590578660912142e-02 1.099300960033269547e-01
3.059305869930575156e-02 1.101730907382013208e-01
3.067715388500011353e-02 1.104136071451844447e-01
3.075824224282798502e-02 1.106516246791996727e-01
3.083637471966408153e-02 1.108871228829426542e-01
3.091160230631548669e-02 1.111200813868642306e-01
3.098397603380138518e-02 1.113504799091221548e-01
3.105354696971788370e-02 1.115782982555011682e-01
3.112036621468679612e-02 1.118035163193040055e-01
3.118448489888736921e-02 1.120261140812130324e-01
3.124595417866960975e-02 1.122460716091245037e-01
3.130482523324832483e-02 1.124633690579555922e-01
3.136114926147661602e-02 1.126779866694254811e-01
3.141497747869768237e-02 1.128899047718122384e-01
3.146636111367390881e-02 1.130991037796854476e-01
3.151535140559212633e-02 1.133055641936165925e-01
3.156199960114365599e-02 1.135092665998675976e-01
3.160635695167834242e-02 1.137101916700596904e-01
3.164847471043121668e-02 1.139083201608220713e-01
3.168840412982053267e-02 1.141036329134240968e-01
3.172619645881633033e-02 1.142961108533889630e-01
3.176190294037781192e-02 1.144857349900933186e-01
3.179557480895887217e-02 1.146724864163521790e-01
3.182726328808003352e-02 1.148563463079902702e-01
3.185701958796594707e-02 1.150372959234027409e-01
3.188489490324673131e-02 1.152153166031048420e-01
3.191094041072224663e-02 1.153903897692727110e-01
3.193520726718768188e-02 1.155624969252766893e-01
3.195774660731911382e-02 1.157316196552086451e-01
3.197860954161773489e-02 1.158977396234039808e-01
3.199784715441113259e-02 1.160608385739606424e-01
3.201551050191028119e-02 1.162208983302565196e-01
3.203165061032054589e-02 1.163779007944655830e-01
3.204631847400533917e-02 1.165318279470761581e-01
3.205956505370055609e-02 1.166826618464112675e-01
3.207144127477839363e-02 1.168303846281533442e-01
3.208199802555852104e-02 1.169749785048747048e-01
3.209128615566521348e-02 1.171164257655755436e-01
3.209935647442821449e-02 1.172547087752308093e-01
3.210625974932587723e-02 1.173898099743478918e-01
3.211204670446830139e-02 1.175217118785366333e-01
3.211676801911857171e-02 1.176503970780931607e-01
3.212047432625030063e-02 1.177758482376000532e-01
3.212321621113898434e-02 1.178980480955435228e-01
3.212504420998513882e-02 1.180169794639497338e-01
3.212600880856716912e-02 1.181326252280429090e-01
3.212616044092123785e-02 1.182449683459257800e-01
3.212554948804625943e-02 1.183539918482845038e-01
3.212422627663104324e-02 1.184596788381211685e-01
3.212224107780147636e-02 1.185620124905133466e-01
3.211964410588489388e-02 1.186609760524052620e-01
3.211648551718896544e-02 1.187565528424305850e-01
3.211281540879250274e-02 1.188487262507695180e-01
3.210868381734507254e-02 1.189374797390421734e-01
3.210414071787272283e-02 1.190227968402405023e-01
3.209923602258662328e-02 1.191046611586995679e-01
3.209401957969161556e-02 1.191830563701120338e-01
3.208854117219143987e-02 1.192579662215866032e-01
3.208285051668730709e-02 1.193293745317525051e-01
3.207699726216654834e-02 1.193972651909132876e-01
3.207103098877758796e-02 1.194616221612508911e-01
3.206500120658816594e-02 1.195224294770823176e-01
3.205895735432245930e-02 1.195796712451717009e-01
3.205294879807402131e-02 1.196333316450996775e-01
3.204702482999006313e-02 1.196833949296918637e-01
3.204123466692354594e-02 1.197298454255092265e-01
3.203562744904870502e-02 1.197726675334025437e-01
3.203025223843596059e-02 1.198118457291328515e-01
3.202515801758187147e-02 1.198473645640611290e-01
3.202039368788970469e-02 1.198792086659080935e-01
3.201600806809620087e-02 1.199073627395881719e-01
3.201204989263964351e-02 1.199318115681183849e-01
3.200856780996486767e-02 1.199525400136062375e-01
3.200561038076001757e-02 1.199695330183174202e-01
3.200322607612018921e-02 1.199827756058268885e-01
3.200146327563295479e-02 1.199922528822555956e-01
3.200037026538040535e-02 1.199979500375949748e-01
3.199999523585243116e-02 1.199998523471221545e-01
