3.200000000000009087e-02
3.200069238198472582e-02
3.200261049800035701e-02
3.200551412810009877e-02
3.200916093242889976e-02
3.201330658993819384e-02
3.201770493390530131e-02
3.202210808485717042e-02
3.202626658143144928e-02
3.202992950964507479e-02
3.203284463097790663e-02
3.203475850961971794e-02
3.203541663917058857e-02
3.203456356902900648e-02
3.203194303064813009e-02
3.202729806378879635e-02
3.202037114284793373e-02
3.201090430329332076e-02
3.199863926819018073e-02
3.198331757476095827e-02
3.196468070087885027e-02
3.194247019135580679e-02
3.191642778384867069e-02
3.188629553417262480e-02
3.185181594077769740e-02
3.181273206811423282e-02
3.176878766858481917e-02
3.171972730275419289e-02
3.166529645746567895e-02
3.160524166149082659e-02
3.153931059832095624e-02
3.146725221569249276e-02
3.138881683142449169e-02
3.130375623513511479e-02
3.121182378539504726e-02
3.111277450186964930e-02
3.100636515199734974e-02
3.089235433175088058e-02
3.077050254002883581e-02
3.064057224622911135e-02
3.050232795056152107e-02
3.035553623666639722e-02
3.019996581611657932e-02
3.003538756439475335e-02
2.986157454795394794e-02
2.967830204198811106e-02
2.948534753856107971e-02
2.928249074476587874e-02
2.906951357061277399e-02
2.884620010637297186e-02
2.861233658913615863e-02
2.836771135837324112e-02
2.811211480033172852e-02
2.784533928112922774e-02
2.756717906845087065e-02
2.727743024179923870e-02
2.697589059129050157e-02
2.666235950503744248e-02
2.633663784520967957e-02
2.599852781291294573e-02
2.564783280208324245e-02
2.528435724264775294e-02
2.490790643326254092e-02
2.451828636399783212e-02
2.411530352940401828e-02
2.369876473245689785e-02
2.326847687994744104e-02
2.282424676995126883e-02
2.236588087208453771e-02
2.189318510132729628e-02
2.140596458627214496e-02
2.090402343273446012e-02
2.038716448374316981e-02
1.985518907701389058e-02
1.930789680109454634e-02
1.874508525146196744e-02
1.816654978794123715e-02
1.757208329491451518e-02
1.696147594588435017e-02
1.633451497405823127e-02
1.569098445072492770e-02
1.503066507330186319e-02
1.435333396504278984e-02
1.365876448850999146e-02
1.294672607503269054e-02
1.221698407249449669e-02
1.146929961391723006e-02
1.070342950943646392e-02
9.919126164395346626e-03
9.116137526417848400e-03
8.294207064460478243e-03
7.453073782982351861e-03
6.592472274516956304e-03
5.712132814075584694e-03
4.811781498960658598e-03
3.891140437717935645e-03
2.949927992108199604e-03
1.987859076132225331e-03
1.004645516295632956e-03
-3.522547039732867034e-09
-3.522546998099509401e-09
-4.217547149483708382e-04
-8.456870246933499268e-04
-1.271675905406076173e-03
-1.699596936215429666e-03
-2.129325796781380079e-03
-2.560738242469091583e-03
-2.993710079706928678e-03
-3.428117141563177903e-03
-3.863835263574962563e-03
-4.300740259861550625e-03
-4.738707899552971163e-03
-5.177613883563630427e-03
-5.617333821739378327e-03
-6.057743210405325957e-03
-6.498717410340499635e-03
-6.940131625204301949e-03
-7.381860880438639166e-03
-7.823780002668435582e-03
-8.265763599622215352e-03
-8.707686040593362944e-03
-9.149421437461644629e-03
-9.590843626293510046e-03
-1.003182614953886109e-02
-1.047224223884069862e-02
-1.091196479847349708e-02
-1.135086638942485807e-02
-1.178881921413434640e-02
-1.222569510190236845e-02
-1.266136549498117492e-02
-1.309570143535913368e-02
-1.352857355224871411e-02
-1.395985205028765774e-02
-1.438940669846221036e-02
-1.481710681976034470e-02
-1.524282128156232395e-02
-1.566641848677515977e-02
-1.608776636571681434e-02
-1.650673236875541475e-02
-1.692318345970795709e-02
-1.733698611000263415e-02
-1.774800629360793677e-02
-1.815610948273155278e-02
-1.856116064429118306e-02
-1.896302423715916230e-02
-1.936156421018213683e-02
-1.975664400097666348e-02
-2.014812653550123941e-02
-2.053587422840473520e-02
-2.091974898415098830e-02
-2.129961219891903304e-02
-2.167532476327806157e-02
-2.204674706563591186e-02
-2.241373899645985809e-02
-2.277615995326824280e-02
-2.313386884639111879e-02
-2.348672410549848544e-02
-2.383458368689395090e-02
-2.417730508157235961e-02
-2.451474532403938311e-02
-2.484676100189140216e-02
-2.517320826615403531e-02
-2.549394284237788827e-02
-2.580882004249010486e-02
-2.611769477740074133e-02
-2.642042157036310346e-02
-2.671685457108751230e-02
-2.700684757060841518e-02
-2.729025401690500161e-02
-2.756692703127612207e-02
-2.783671942547049846e-02
-2.809948371957405461e-02
-2.835507216065654215e-02
-2.860333674218031724e-02
-2.884412922417483455e-02
-2.907730115418091441e-02
-2.930270388896988321e-02
-2.952018861704309299e-02
-2.972960638191848512e-02
-2.993080810621147336e-02
-3.012364461651836564e-02
-3.030796666911160855e-02
-3.048362497645675309e-02
-3.065047023456254557e-02
-3.080835315117610995e-02
-3.095712447483638802e-02
-3.109663502480036409e-02
-3.122673572185719407e-02
-3.134727762004705515e-02
-3.145811193930233424e-02
-3.155909009903008766e-02
-3.165006375265593669e-02
-3.173088482315083309e-02
-3.180140553956324612e-02
-3.186147847458078303e-02
-3.191095658314634792e-02
-3.194969324215538031e-02
-3.197754229126198444e-02
-3.199435807482297472e-02
-3.199999548501030605e-02
-3.199999548501038238e-02
-3.199437293760868523e-02
-3.197760033916974276e-02
-3.194982069667626212e-02
-3.191117757593300852e-02
-3.186181506515999018e-02
-3.180187773931614226e-02
-3.173151062513614173e-02
-3.165085916686454642e-02
-3.156006919267197175e-02
-3.145928688173965648e-02
-3.134865873199935843e-02
-3.122833152851686375e-02
-3.109845231250831649e-02
-3.095916835097952194e-02
-3.081062710697953302e-02
-3.065297621046061613e-02
-3.048636342973796293e-02
-3.031093664354293782e-02
-3.012684381366513217e-02
-2.993423295817904464e-02
-2.973325212525208469e-02
-2.952404936753154699e-02
-2.930677271710901630e-02
-2.908157016106131809e-02
-2.884858961756802537e-02
-2.860797891260600384e-02
-2.835988575722265745e-02
-2.810445772538963313e-02
-2.784184223243962517e-02
-2.757218651408974153e-02
-2.729563760605485667e-02
-2.701234232425565526e-02
-2.672244724562586674e-02
-2.642609868952407876e-02
-2.612344269975589578e-02
-2.581462502721226793e-02
-2.549979111313084926e-02
-2.517908607298658882e-02
-2.485265468101914219e-02
-2.452064135540397982e-02
-2.418319014407495707e-02
-2.384044471120588815e-02
-2.349254832435909018e-02
-2.313964384230873805e-02
-2.278187370354720423e-02
-2.241937991548233547e-02
-2.205230404433393410e-02
-2.168078720573738197e-02
-2.130497005606264357e-02
-2.092499278445643027e-02
-2.054099510561556430e-02
-2.015311625329915812e-02
-1.976149497458722093e-02
-1.936626952489309619e-02
-1.896757766373670384e-02
-1.856555665128572369e-02
-1.816034324567110045e-02
-1.775207370108316390e-02
-1.734088376665452944e-02
-1.692690868613495880e-02
-1.651028319836380168e-02
-1.609114153854436513e-02
-1.566961744032484977e-02
-1.524584413868941210e-02
-1.481995437366279318e-02
-1.439208039483138614e-02
-1.396235396668279137e-02
-1.353090637476566868e-02
-1.309786843267086824e-02
-1.266337048983420810e-02
-1.222754244016073695e-02
-1.179051373146950202e-02
-1.135241337575704917e-02
-1.091336996027746260e-02
-1.047351165943553875e-02
-1.003296624748925558e-02
-9.591861112056645350e-03
-9.150323268421375542e-03
-8.708479374630472350e-03
-8.266455747376756646e-03
-7.824378378657341482e-03
-7.382372953198875626e-03
-6.940564866638901896e-03
-6.499079244451958295e-03
-6.058040961607414135e-03
-5.617574662945631729e-03
-5.177804784256984268e-03
-4.738855574047964696e-03
-4.300851115976354888e-03
-3.863915351936948218e-03
-3.428172105777704901e-03
-2.993745107624088807e-03
-2.560758018789346165e-03
-2.129334457245328494e-03
-1.699598023627853878e-03
-1.271672327749111221e-03
-8.456810155868563867e-04
-4.217477967194728787e-04
3.527826340762900861e-09
3.527826424029625226e-09
1.004652439209503378e-03
1.987865139775913618e-03
2.949931810364617678e-03
3.891140067139117146e-03
4.811774551941735804e-03
5.712116584355708508e-03
6.592443871281767134e-03
7.453030270025699962e-03
8.294145601077390281e-03
9.116055506939476152e-03
9.919021353535445798e-03
1.070330017089180311e-02
1.146914462994770741e-02
1.221680305249770414e-02
1.294651945141885550e-02
1.365853359847354898e-02
1.435308111711267390e-02
1.503039359783179228e-02
1.569069873375508392e-02
1.633422047423861365e-02
1.696117919439616220e-02
1.757179187855742453e-02
1.816627231577079560e-02
1.874483130556043112e-02
1.930767687224090035e-02
1.985501448618283774e-02
2.038704729050882028e-02
2.090397633178172829e-02
2.140600079332766539e-02
2.189331822991224738e-02
2.236612480256328431e-02
2.282461551240473271e-02
2.326898443243620440e-02
2.369942493625969843e-02
2.411612992282063939e-02
2.451929203629415674e-02
2.490910388030925446e-02
2.528575822576425991e-02
2.564944821154573756e-02
2.600036753752098945e-02
2.633871064923029234e-02
2.666467291376055718e-02
2.697845078633571980e-02
2.728024196721220290e-02
2.757024554851948694e-02
2.784866215073607612e-02
2.811569404854086934e-02
2.837154528582800164e-02
2.861642177972031562e-02
2.885053141346238456e-02
2.907408411811875440e-02
2.928729194304592956e-02
2.949036911514918424e-02
2.968353208697459625e-02
2.986699957372709185e-02
3.004099257934111922e-02
3.020573441176739940e-02
3.036145068767251431e-02
3.050836932678042263e-02
3.064672053611535232e-02
3.077673678443340957e-02
3.089865276715698592e-02
3.101270536214964860e-02
3.111913357669117072e-02
3.121817848603222062e-02
3.131008316392516755e-02
3.139509260554212977e-02
3.147345364320434241e-02
3.154541485535582168e-02
3.161122646922236851e-02
3.167114025760054546e-02
3.172540943022424120e-02
3.177428852015431321e-02
3.181803326563424628e-02
3.185690048784758921e-02
3.189114796500402277e-02
3.192103430316912266e-02
3.194681880423726889e-02
3.196876133143033288e-02
3.198712217268367963e-02
3.200216190225805418e-02
3.201414124088959590e-02
3.202332091476138565e-02
3.202996151354875476e-02
3.203432334775566104e-02
3.203666630552288314e-02
3.203724970904936464e-02
3.203633217072549694e-02
3.203417144903302621e-02
3.203102430421891911e-02
3.202714635370123436e-02
3.202279192711371403e-02
3.201821392084124029e-02
3.201366365184354218e-02
3.200939071050517420e-02
3.200564281219148849e-02
3.200266564712751782e-02
3.200070272815438988e-02
3.199999523585247280e-02
