0.000000000000000000e+00 3.101792385137492403e+01
4.556962025316456000e+00 3.102324817854203687e+01
9.113924050632912000e+00 3.105717197632707283e+01
1.367088607594936889e+01 3.113987235603428871e+01
1.822784810126582400e+01 3.128390015003517632e+01
2.278481012658227911e+01 3.149563950286590597e+01
2.734177215189873777e+01 3.177631407607209013e+01
3.189873417721519289e+01 3.212253885083043770e+01
3.645569620253164800e+01 3.252653299658534536e+01
4.101265822784810666e+01 3.297617663136590238e+01
4.556962025316455822e+01 3.345513686496729377e+01
5.012658227848101689e+01 3.394331097729043734e+01
5.468354430379747555e+01 3.441782489934047362e+01
5.924050632911392711e+01 3.485476163972814589e+01
6.379746835443038577e+01 3.523165949989427759e+01
6.835443037974684444e+01 3.553062102282990509e+01
7.291139240506329600e+01 3.574166059866440293e+01
7.746835443037974755e+01 3.586578385402872726e+01
8.202531645569621332e+01 3.591733839964987851e+01
8.658227848101266488e+01 3.592546408216182385e+01
9.113924050632911644e+01 3.592546408216183096e+01
9.569620253164558221e+01 3.592237217919838344e+01
1.002531645569620338e+02 3.590215648512880620e+01
1.048101265822784853e+02 3.585152674201847134e+01
1.093670886075949511e+02 3.576121005419187071e+01
1.139240506329114027e+02 3.562574425924557175e+01
1.184810126582278542e+02 3.544317728968432135e+01
1.230379746835443058e+02 3.521464341233484419e+01
1.275949367088607715e+02 3.494382501094106885e+01
1.321518987341772231e+02 3.463633492544806813e+01
1.367088607594936889e+02 3.429906779900514380e+01
1.412658227848101262e+02 3.393957010549733155e+01
1.458227848101265920e+02 3.356547031230110889e+01
1.503797468354430578e+02 3.318399692657694544e+01
1.549367088607594951e+02 3.280159696933579028e+01
1.594936708860759609e+02 3.242365386502869740e+01
1.640506329113924266e+02 3.205429372387026632e+01
1.686075949367088640e+02 3.169626323700893877e+01
1.731645569620253298e+02 3.135086075628679225e+01
1.777215189873417955e+02 3.101790401341352776e+01
1.822784810126582329e+02 3.101790401341352776e+01
1.868354430379746987e+02 3.069647927862656545e+01
1.913924050632911644e+02 3.038774889051415684e+01
1.959493670886076018e+02 3.009355651181492064e+01
2.005063291139240675e+02 2.981569730206278379e+01
2.050632911392405333e+02 2.955583164738036572e+01
2.096202531645569707e+02 2.931542232109882917e+01
2.141772151898734364e+02 2.909569067774856777e+01
2.187341772151899022e+02 2.889758705806401551e+01
2.232911392405063395e+02 2.872177036410139905e+01
2.278481012658228053e+02 2.856859171529296404e+01
2.324050632911392427e+02 2.843807718411586904e+01
2.369620253164557084e+02 2.832990481848329978e+01
2.415189873417721742e+02 2.824337150266453378e+01
2.460759493670886116e+02 2.817734574727258945e+01
2.506329113924050773e+02 2.813020334105337383e+01
2.551898734177215431e+02 2.809974411061860522e+01
2.597468354430379804e+02 2.808309004425633759e+01
2.643037974683544462e+02 2.807656801385283885e+01
2.688607594936709120e+02 2.807558456506264477e+01
2.734177215189873777e+02 2.807558456506267675e+01
2.779746835443038435e+02 2.807890015430376351e+01
2.825316455696202524e+02 2.810001897090705825e+01
2.870886075949367182e+02 2.815145718204321312e+01
2.916455696202531840e+02 2.824088469644839350e+01
2.962025316455696498e+02 2.837199594109179301e+01
3.007594936708861155e+02 2.854513382306680924e+01
3.053164556962025245e+02 2.875767237643928453e+01
3.098734177215189902e+02 2.900423046049061782e+01
3.144303797468354560e+02 2.927682488050422549e+01
3.189873417721519218e+02 2.956508791923041102e+01
3.235443037974683875e+02 2.985667465468266712e+01
3.281012658227848533e+02 3.013796649837749797e+01
3.326582278481012622e+02 3.039513376103619535e+01
3.372151898734177280e+02 3.061554992275138787e+01
3.417721518987341938e+02 3.078946197865666434e+01
3.463291139240506595e+02 3.091173754206869262e+01
3.508860759493671253e+02 3.098346524209254227e+01
3.554430379746835911e+02 3.101321628972453581e+01
3.600000000000000000e+02 3.101790324874153981e+01
