-1.496198998029996119e-17
-2.704914919448507776e-04
-4.531179820045105910e-04
-5.658850107509681704e-04
-6.188084659709164629e-04
-6.096777880122401880e-04
-5.322143787086558355e-04
-3.904591277023065302e-04
-2.040288340987554292e-04
-4.548583356542484440e-21
-4.549069047159154587e-21
8.359076679325439820e-05
2.299653286789644956e-04
3.988881868958150880e-04
5.496159974569027069e-04
6.452227504073829167e-04
6.562107470732706036e-04
5.619819220381110352e-04
3.500442757470784757e-04
1.409953789219131349e-05
1.409953789219195046e-05
3.249237766761646452e-04
4.907361187335197326e-04
5.493668540535650907e-04
5.327873699723772311e-04
4.662970345656762875e-04
3.685634653498173026e-04
2.525031067451983515e-04
1.270623339049014200e-04
4.360752913291752677e-19
6.784310594146184025e-21
7.976859164598452316e-05
2.404129119594171772e-05
-1.262202321712553870e-04
-3.393376563159557864e-04
-5.671357269628009073e-04
-7.329239107729782106e-04
-7.450949067843561178e-04
-5.210133347836819716e-04
-1.943246430051245525e-17
