2.397302169517843140e-01
1.804798782915533195e-01
1.233122509201036721e-01
6.979904971065975516e-02
2.143505457419792037e-02
-2.038371290732277075e-02
-5.439739207721805414e-02
-7.953330019520743477e-02
-9.496497393541014631e-02
-1.001687481743949171e-01
-9.496501337636154005e-02
-7.953337599425758242e-02
-5.439749815160244140e-02
-2.038384088142208839e-02
2.143491435002076173e-02
6.979890801758825702e-02
1.233121208312866202e-01
1.804797765759560413e-01
2.397317746873626199e-01
2.994360450598065881e-01
3.579085852638996812e-01
4.134284555344471812e-01
4.642660886639902174e-01
5.087315426912097927e-01
5.452453481697649984e-01
5.724284524726339640e-01
5.892006012496162626e-01
5.948706530388094826e-01
5.892005168343024124e-01
5.724282928720390018e-01
5.452451345470157307e-01
5.087313083805264924e-01
4.642658729683497576e-01
4.134282930222967778e-01
3.579084964771759303e-01
2.994360332435901384e-01
2.397318289310468309e-01
