1.200000000000005507e-01
1.200003196625710061e-01
1.200025184429688307e-01
1.200083697070776639e-01
1.200195337227090292e-01
1.200375602004986192e-01
1.200638908723369869e-01
1.200998620939061623e-01
1.201467074589747941e-01
1.202055604141651773e-01
1.202774568639738972e-01
1.203633377569177654e-01
1.204640516448013399e-01
1.205803572082581321e-01
1.207129257429055136e-01
1.208623436016616343e-01
1.210291145899906884e-01
1.212136623120593087e-01
1.214163324669829264e-01
1.216373950955038780e-01
1.218770467785559170e-01
1.221354127902179593e-01
1.224125492085272743e-01
1.227084449884997819e-01
1.230230240024750288e-01
1.233561470535634585e-01
1.237076138685090365e-01
1.240771650766897272e-01
1.244644841822569598e-01
1.248691995365603380e-01
1.252908863180184906e-01
1.257290685264796926e-01
1.261832209988771325e-01
1.266527714526229087e-01
1.271371025627174023e-01
1.276355540779789133e-01
1.281474249811412058e-01
1.286719756968293937e-01
1.292084303506254861e-01
1.297559790815863423e-01
1.303137804096921315e-01
1.308809636588028624e-01
1.314566314347919984e-01
1.320398621576311660e-01
1.326297126453316044e-01
1.332252207468174743e-01
1.338254080200322049e-01
1.344292824508704631e-01
1.350358412078970782e-01
1.356440734272725546e-01
1.362529630218580756e-01
1.368614915081317329e-01
1.374686408443120123e-01
1.380733962729652486e-01
1.386747491613644356e-01
1.392716998329734113e-01
1.398632603836465760e-01
1.404484574764584826e-01
1.410263351095035478e-01
1.415959573515238323e-01
1.421564110408272963e-01
1.427068084436376172e-01
1.432462898687542341e-01
1.437740262361937582e-01
1.442892215983068438e-01
1.447911156127124066e-01
1.452789859672428130e-01
1.457521507579389586e-01
1.462099708219528615e-01
1.466518520279994908e-01
1.470772475277263291e-01
1.474856599720348604e-01
1.478766436969703446e-01
1.482498068842934280e-01
1.486048137022408233e-01
1.489413864322717551e-01
1.492593075877681197e-01
1.495584220307145384e-01
1.498386390923167610e-01
1.500999347033303566e-01
1.503423535395666810e-01
1.505660111876220841e-01
1.507710963353458278e-01
1.509578729909358541e-01
1.511266827338291485e-01
1.512779469997640180e-01
1.514121694015274910e-01
1.515299380860012923e-01
1.516319281271823194e-01
1.517189039539037776e-01
1.517917218100386378e-01
1.518513322440390723e-01
1.518987826237728767e-01
1.519352196717733694e-01
1.519618920152275010e-01
1.519801527442964373e-01
1.519914619716944415e-01
1.519973893858307668e-01
1.519996167892349592e-01
1.519999406134072695e-01
1.519999406134071585e-01
1.519998374891836090e-01
1.519991236323570138e-01
1.519972101849976220e-01
1.519935318266209257e-01
1.519875464128503939e-01
1.519787346113382065e-01
1.519665995354212706e-01
1.519506663759756238e-01
1.519304820319176408e-01
1.519056147397885304e-01
1.518756537028459475e-01
1.518402087200714790e-01
1.517989098154887417e-01
1.517514068681691253e-01
1.516973692432833642e-01
1.516364854245356442e-01
1.515684626482940167e-01
1.514930265397050335e-01
1.514099207510530287e-01
1.513189066025946161e-01
1.512197627260687405e-01
1.511122847110486778e-01
1.509962847542702102e-01
1.508715913120345087e-01
1.507380487557495874e-01
1.505955170306394475e-01
1.504438713176139975e-01
1.502830016982597550e-01
1.501128128228754188e-01
1.499332235814463399e-01
1.497441667774182528e-01
1.495455888041028469e-01
1.493374493235191947e-01
1.491197209474497964e-01
1.488923889204674389e-01
1.486554508046675493e-01
1.484089161658246891e-01
1.481528062606750074e-01
1.478871537250159296e-01
1.476120022623055583e-01
1.473274063324376548e-01
1.470334308403664081e-01
1.467301508242548347e-01
1.464176511428258720e-01
1.460960261615991129e-01
1.457653794377095913e-01
1.454258234030134933e-01
1.450774790452042107e-01
1.447204755866776382e-01
1.443549501609072139e-01
1.439810474861115963e-01
1.435989195360209969e-01
1.432087252075767425e-01
1.428106299854247918e-01
1.424048056030938758e-01
1.419914297007805748e-01
1.415706854796927872e-01
1.411427613529368796e-01
1.407078505929658108e-01
1.402661509756385205e-01
1.398178644209712163e-01
1.393631966306972114e-01
1.389023567227795075e-01
1.384355568630538103e-01
1.379630118942073991e-01
1.374849389623294671e-01
1.370015571412933619e-01
1.365130870552578590e-01
1.360197504995972195e-01
1.355217700605912678e-01
1.350193687342254312e-01
1.345127695444679194e-01
1.340021951614054629e-01
1.334878675196307374e-01
1.329700074372840990e-01
1.324488342361587745e-01
1.319245653632826476e-01
1.313974160143916714e-01
1.308675987597077706e-01
1.303353231724310723e-01
1.298007954603494218e-01
1.292642181009596991e-01
1.287257894804834379e-01
1.281857035371465336e-01
1.276441494090774509e-01
1.271013110871595242e-01
1.265573670731551525e-01
1.260124900433974016e-01
1.254668465183240711e-01
1.249205965381040007e-01
1.243738933445814321e-01
1.238268830697413642e-01
1.232797044308700657e-01
1.227324884325621396e-01
1.221853580756990243e-01
1.216384280734989082e-01
1.210918045747145649e-01
1.205455848940310687e-01
1.199998572496960292e-01
1.199998572496960292e-01
1.194546808795426962e-01
1.189100357368911426e-01
1.183658964650751849e-01
1.178222537297736461e-01
1.172791136944373452e-01
1.167364974893820712e-01
1.161944406753282338e-01
1.156529927021240495e-01
1.151122163633570838e-01
1.145721872475253950e-01
1.140329931864148411e-01
1.134947337013056806e-01
1.129575194476118150e-01
1.124214716585398427e-01
1.118867215883395799e-01
1.113534099557057233e-01
1.108216863878771496e-01
1.102917088659724765e-01
1.097636431720859645e-01
1.092376623386627083e-01
1.087139461006573216e-01
1.081926803509721396e-01
1.076740565996577581e-01
1.071582714373460199e-01
1.066455260033718905e-01
1.061360254590223567e-01
1.056299784663358582e-01
1.051275966728521388e-01
1.046290942026937704e-01
1.041346871543333136e-01
1.036445931053759234e-01
1.031590306246562699e-01
1.026782187919193651e-01
1.022023767253184556e-01
1.017317231169317659e-01
1.012664757764562690e-01
1.008068511832020953e-01
1.003530640464654067e-01
9.990532687431605274e-02
9.946384955079065615e-02
9.902883892143532485e-02
9.860049838709498971e-02
9.817902750579825255e-02
9.776462160253840405e-02
9.735747138670154677e-02
9.695776257684585175e-02
9.656567553248572577e-02
9.618138489249063172e-02
9.580505921965812299e-02
9.543686065098036519e-02
9.507694455307791337e-02
9.472545918223515549e-02
9.438254534843507071e-02
9.404833608275343926e-02
9.372295630744445494e-02
9.340652250801916023e-02
9.309914240659501738e-02
9.280091463577498645e-02
9.251192841229978481e-02
9.223226320970422110e-02
9.196198842920570715e-02
9.170116306805034534e-02
9.144983538454705407e-02
9.120804255903239288e-02
9.097581035002223759e-02
9.075315274482988193e-02
9.054007160395767528e-02
9.033655629860178060e-02
9.014258334065006206e-02
8.995811600459770185e-02
8.978310394085622925e-02
8.961748277998779488e-02
8.946117372745941709e-02
8.931408314857819386e-02
8.917610214334296959e-02
8.904710611102185924e-02
8.892695430435160198e-02
8.881548937333734461e-02
8.871253689872346526e-02
8.861790491529988878e-02
8.853138342530554594e-02
8.845274390229058981e-02
8.838173878590156740e-02
8.831810096815863320e-02
8.826154327190079141e-02
8.821175792218209633e-02
8.816841601151080565e-02
8.813116695993412908e-02
8.809963797107926708e-02
8.807343348537359506e-02
8.805213463177587185e-02
8.803529867946209564e-02
8.802245849101970887e-02
8.801312197881548671e-02
8.800677156631496467e-02
8.800286365624494789e-02
8.800082810760750940e-02
8.800006772367141572e-02
8.799995775319530145e-02
8.799995775319531532e-02
8.800026084011279559e-02
8.800234561533931688e-02
8.800789357639422772e-02
8.801847922561918669e-02
8.803557272017305257e-02
8.806054261642050351e-02
8.809465867658310134e-02
8.813909470863982853e-02
8.819493141344070253e-02
8.826315921588666347e-02
8.834468105982844210e-02
8.844031514906920688e-02
8.855079761951982487e-02
8.867678513015517239e-02
8.881885736294022060e-02
8.897751942433866634e-02
8.915320414336593002e-02
8.934627426339507295e-02
8.955702452705344152e-02
8.978568365554941144e-02
9.003241622563222524e-02
9.029732444909323308e-02
9.058044986127163078e-02
9.088177492640046873e-02
9.120122456883530959e-02
9.153866764022378089e-02
9.189391833350930849e-02
9.226673755530914733e-02
9.265683426866150318e-02
9.306386681841356812e-02
9.348744425161090166e-02
9.392712764516472634e-02
9.438243145282132485e-02
9.485282488304519477e-02
9.533773331886714886e-02
9.583653979005170298e-02
9.634858650711865258e-02
9.687317646582550845e-02
9.740957512969651566e-02
9.795701219708803642e-02
9.851468345812376681e-02
9.908175274563436885e-02
9.965735398301613090e-02
1.002405933306927815e-01
1.008305514316486934e-01
1.014262857553091535e-01
1.020268330378988619e-01
1.026312118163207193e-01
1.032384250515829271e-01
1.038474628368717401e-01
1.044573051845367195e-01
1.050669248855270466e-01
1.056752904342058569e-01
1.062813690109777193e-01
1.068841295147948817e-01
1.074825456373632998e-01
1.080755989707539028e-01
1.086622821401251188e-01
1.092416019533882510e-01
1.098125825598803423e-01
1.103742686104498272e-01
1.109257284117917408e-01
1.114660570683888574e-01
1.119943796060012542e-01
1.125098540712953094e-01
1.130116746028904662e-01
1.134990744698243653e-01
1.139713290741687646e-01
1.144277589152631752e-01
1.148677325137525407e-01
1.152906692943073269e-01
1.156960424265538745e-01
1.160833816243439093e-01
1.164522759040292621e-01
1.168023763028763484e-01
1.171333985591471866e-01
1.174451257556899247e-01
1.177374109291151189e-01
1.180101796467884906e-01
1.182634325539520248e-01
1.184972478932996703e-01
1.187117839992826301e-01
1.189072817693305056e-01
1.190840671140445534e-01
1.192425533882798261e-01
1.193832438048900713e-01
1.195067338327940459e-01
1.196137135809490909e-01
1.197049701698067459e-01
1.197813900919104807e-01
1.198439615634806221e-01
1.198937768691501898e-01
1.199320347024778466e-01
1.199600425054825892e-01
1.199792188112305952e-01
1.199910955944547136e-01
1.199973206363000866e-01
1.199996599105435102e-01
1.200000000000004674e-01
